1637358487045 870.550537109375 0
1637358488456 207.01954650878906 1
1637358489737 193.51498413085938 2
1637358491023 188.37448120117188 3
1637358492303 178.51535034179688 4
1637358493591 174.72430419921875 5
1637358494882 172.52847290039062 6
1637358496164 167.16015625 7
1637358497442 165.63189697265625 8
1637358498722 160.61402893066406 9
1637358500088 160.16064453125 10
1637358501579 153.5286865234375 11
1637358503048 154.13983154296875 12
1637358505065 149.83544921875 13
1637358506566 148.5363311767578 14
1637358507948 144.87741088867188 15
1637358509345 142.54296875 16
1637358511041 140.27919006347656 17
1637358512692 135.2993621826172 18
1637358513998 135.87026977539062 19
1637358515308 135.37030029296875 20
1637358516717 131.1202850341797 21
1637358518054 129.28729248046875 22
1637358519392 127.20967864990234 23
1637358520956 126.29180145263672 24
1637358522395 122.6894302368164 25
1637358523826 123.28813171386719 26
1637358525200 121.69573974609375 27
1637358526586 117.8448715209961 28
1637358528060 116.77477264404297 29
1637358529421 115.07416534423828 30
1637358530809 116.5477066040039 31
1637358532144 110.69046783447266 32
1637358533485 110.27841186523438 33
1637358534782 111.3673095703125 34
1637358536121 106.38109588623047 35
1637358537477 104.44024658203125 36
1637358538854 103.74566650390625 37
1637358540437 101.92012023925781 38
1637358542088 103.90261840820312 39
1637358543455 98.7034912109375 40
1637358544840 97.98967742919922 41
1637358546168 95.4290542602539 42
1637358547826 95.52008819580078 43
1637358549128 94.59223175048828 44
1637358550484 92.03938293457031 45
1637358551947 92.30683135986328 46
1637358553316 92.38365936279297 47
1637358554606 91.03317260742188 48
1637358555880 90.44051361083984 49
1637358557205 88.84117889404297 50
1637358558507 88.68560791015625 51
1637358559793 87.58869171142578 52
1637358561086 85.72822570800781 53
1637358562375 84.77473449707031 54
1637358563664 84.46543884277344 55
1637358564992 84.56362915039062 56
1637358566564 81.83289337158203 57
1637358567919 82.3218994140625 58
1637358569239 80.36247253417969 59
1637358570544 81.77215576171875 60
1637358571857 79.09612274169922 61
1637358573162 79.87632751464844 62
1637358574500 78.23644256591797 63
1637358575783 75.25183868408203 64
1637358577066 76.07782745361328 65
1637358578350 76.53392791748047 66
1637358579751 73.33053588867188 67
1637358584105 140.27919006347656 68
