1637358487045 19.131086349487305 0
1637358488456 11.079538345336914 1
1637358489737 10.634819030761719 2
1637358491023 10.475478172302246 3
1637358492303 10.19209098815918 4
1637358493591 10.08657169342041 5
1637358494882 10.0618314743042 6
1637358496164 9.878910064697266 7
1637358497442 9.816139221191406 8
1637358498722 9.627786636352539 9
1637358500088 9.614224433898926 10
1637358501579 9.40795612335205 11
1637358503048 9.442394256591797 12
1637358505065 9.230722427368164 13
1637358506566 9.20391845703125 14
1637358507948 9.097857475280762 15
1637358509345 9.040346145629883 16
1637358511041 8.9104642868042 17
1637358512692 8.766951560974121 18
1637358513998 8.771227836608887 19
1637358515308 8.738808631896973 20
1637358516717 8.62096118927002 21
1637358518054 8.575063705444336 22
1637358519392 8.496332168579102 23
1637358520956 8.43341064453125 24
1637358522395 8.285135269165039 25
1637358523826 8.334887504577637 26
1637358525200 8.266310691833496 27
1637358526586 8.147948265075684 28
1637358528060 8.100360870361328 29
1637358529421 8.042901992797852 30
1637358530809 8.059551239013672 31
1637358532144 7.894286632537842 32
1637358533485 7.858334541320801 33
1637358534782 7.872138977050781 34
1637358536121 7.680028438568115 35
1637358537477 7.609976768493652 36
1637358538854 7.583723068237305 37
1637358540437 7.51771354675293 38
1637358542088 7.548353672027588 39
1637358543455 7.426230430603027 40
1637358544840 7.356504917144775 41
1637358546168 7.251723289489746 42
1637358547826 7.2420549392700195 43
1637358549128 7.244335174560547 44
1637358550484 7.139044284820557 45
1637358551947 7.151795387268066 46
1637358553316 7.139614105224609 47
1637358554606 7.09614896774292 48
1637358555880 7.033502101898193 49
1637358557205 7.007045745849609 50
1637358558507 7.005268096923828 51
1637358559793 6.915054798126221 52
1637358561086 6.847497940063477 53
1637358562375 6.806611061096191 54
1637358563664 6.813320636749268 55
1637358564992 6.8259406089782715 56
1637358566564 6.690073013305664 57
1637358567919 6.69821310043335 58
1637358569239 6.622799396514893 59
1637358570544 6.681746482849121 60
1637358571857 6.574979305267334 61
1637358573162 6.596887111663818 62
1637358574500 6.511712551116943 63
1637358575783 6.431333541870117 64
1637358577066 6.398828506469727 65
1637358578350 6.438116073608398 66
1637358579751 6.278426170349121 67
1637358584105 8.9104642868042 68
