1637358487045 29.50509262084961 0
1637358488456 14.388174057006836 1
1637358489737 13.910965919494629 2
1637358491023 13.724958419799805 3
1637358492303 13.360963821411133 4
1637358493591 13.218332290649414 5
1637358494882 13.135009765625 6
1637358496164 12.92904281616211 7
1637358497442 12.869805335998535 8
1637358498722 12.673358917236328 9
1637358500088 12.6554594039917 10
1637358501579 12.390668869018555 11
1637358503048 12.415306091308594 12
1637358505065 12.240729331970215 13
1637358506566 12.187548637390137 14
1637358507948 12.036502838134766 15
1637358509345 11.939135551452637 16
1637358511041 11.843951225280762 17
1637358512692 11.63182544708252 18
1637358513998 11.656340599060059 19
1637358515308 11.63487434387207 20
1637358516717 11.450777053833008 21
1637358518054 11.37045669555664 22
1637358519392 11.278726577758789 23
1637358520956 11.23796272277832 24
1637358522395 11.076525688171387 25
1637358523826 11.10351848602295 26
1637358525200 11.03157901763916 27
1637358526586 10.855637550354004 28
1637358528060 10.80623722076416 29
1637358529421 10.727262496948242 30
1637358530809 10.795726776123047 31
1637358532144 10.520954132080078 32
1637358533485 10.50135326385498 33
1637358534782 10.553071022033691 34
1637358536121 10.31412124633789 35
1637358537477 10.219600677490234 36
1637358538854 10.185562133789062 37
1637358540437 10.095549583435059 38
1637358542088 10.193263053894043 39
1637358543455 9.93496322631836 40
1637358544840 9.89897346496582 41
1637358546168 9.768779754638672 42
1637358547826 9.7734375 43
1637358549128 9.72585391998291 44
1637358550484 9.59371566772461 45
1637358551947 9.607644081115723 46
1637358553316 9.611641883850098 47
1637358554606 9.541131019592285 48
1637358555880 9.510022163391113 49
1637358557205 9.425559997558594 50
1637358558507 9.417304039001465 51
1637358559793 9.358882904052734 52
1637358561086 9.258954048156738 53
1637358562375 9.207319259643555 54
1637358563664 9.190507888793945 55
1637358564992 9.19584846496582 56
1637358566564 9.04615306854248 57
1637358567919 9.073142051696777 58
1637358569239 8.96451187133789 59
1637358570544 9.04279613494873 60
1637358571857 8.893600463867188 61
1637358573162 8.937355995178223 62
1637358574500 8.845136642456055 63
1637358575783 8.674781799316406 64
1637358577066 8.722260475158691 65
1637358578350 8.748367309570312 66
1637358579751 8.563324928283691 67
1637358584105 11.843951225280762 68
