1637360941779 860.8004150390625 0
1637360943260 201.0959014892578 1
1637360944591 184.89971923828125 2
1637360946153 175.43560791015625 3
1637360947822 169.31297302246094 4
1637360949470 163.86367797851562 5
1637360951129 163.05484008789062 6
1637360952979 158.0900421142578 7
1637360957019 155.34471130371094 8
1637360958789 151.80824279785156 9
1637360960439 149.6095428466797 10
1637360962079 143.19061279296875 11
1637360963731 141.71908569335938 12
1637360965378 139.0267791748047 13
1637360967011 139.4462432861328 14
1637360968650 134.72747802734375 15
1637360970297 130.29713439941406 16
1637360971928 129.6812744140625 17
1637360973564 130.5577850341797 18
1637360975197 123.47376251220703 19
1637360976824 123.74225616455078 20
1637360978509 121.12830352783203 21
1637360980165 119.32430267333984 22
1637360982111 116.79218292236328 23
1637360983840 113.50872039794922 24
1637360985496 114.33074951171875 25
1637360987117 109.10065460205078 26
1637360988792 110.10604095458984 27
1637360990638 105.46990966796875 28
1637360992300 104.88363647460938 29
1637360993934 104.03519439697266 30
1637360995594 100.65192413330078 31
1637360997234 100.47285461425781 32
1637360998885 99.22008514404297 33
1637361000546 98.75302124023438 34
1637361002194 96.02721405029297 35
1637361003806 94.47982788085938 36
1637361005450 93.00755310058594 37
1637361007112 92.28221893310547 38
1637361008752 91.5926513671875 39
1637361010432 90.69306182861328 40
1637361012101 87.79556274414062 41
1637361013737 89.35749816894531 42
1637361015383 85.26224517822266 43
1637361017045 88.22936248779297 44
1637361018704 84.53718566894531 45
1637361020344 85.41708374023438 46
1637361022033 79.6463394165039 47
1637361023686 77.29484558105469 48
1637361025329 76.51336669921875 49
1637361026962 75.20018005371094 50
1637361028806 73.38725280761719 51
1637361030466 75.29423522949219 52
1637361032107 73.98486328125 53
1637361033774 72.50873565673828 54
1637361035392 71.61811828613281 55
1637361039831 163.86367797851562 56
