1637360941779 19.29478645324707 0
1637360943260 10.87024211883545 1
1637360944591 10.457640647888184 2
1637360946153 10.156841278076172 3
1637360947822 9.968598365783691 4
1637360949470 9.804117202758789 5
1637360951129 9.702178955078125 6
1637360952979 9.583980560302734 7
1637360957019 9.476890563964844 8
1637360958789 9.358511924743652 9
1637360960439 9.263776779174805 10
1637360962079 9.09071159362793 11
1637360963731 8.992377281188965 12
1637360965378 8.889246940612793 13
1637360967011 8.941320419311523 14
1637360968650 8.763752937316895 15
1637360970297 8.61506175994873 16
1637360971928 8.518383026123047 17
1637360973564 8.590688705444336 18
1637360975197 8.366523742675781 19
1637360976824 8.369312286376953 20
1637360978509 8.265092849731445 21
1637360980165 8.182244300842285 22
1637360982111 8.074007034301758 23
1637360983840 8.018373489379883 24
1637360985496 8.010404586791992 25
1637360987117 7.839203357696533 26
1637360988792 7.85943603515625 27
1637360990638 7.663712501525879 28
1637360992300 7.664889335632324 29
1637360993934 7.609786510467529 30
1637360995594 7.4905314445495605 31
1637360997234 7.497288703918457 32
1637360998885 7.399937629699707 33
1637361000546 7.369554042816162 34
1637361002194 7.291440010070801 35
1637361003806 7.243299961090088 36
1637361005450 7.176032543182373 37
1637361007112 7.1403069496154785 38
1637361008752 7.1387834548950195 39
1637361010432 7.077108383178711 40
1637361012101 6.992892742156982 41
1637361013737 7.002147674560547 42
1637361015383 6.911089897155762 43
1637361017045 6.978324890136719 44
1637361018704 6.874396324157715 45
1637361020344 6.851783752441406 46
1637361022033 6.636534690856934 47
1637361023686 6.541467666625977 48
1637361025329 6.48952579498291 49
1637361026962 6.4171600341796875 50
1637361028806 6.370232582092285 51
1637361030466 6.401208877563477 52
1637361032107 6.375298500061035 53
1637361033774 6.279117584228516 54
1637361035392 6.259676456451416 55
1637361039831 9.804117202758789 56
