1637360941779 29.339401245117188 0
1637360943260 14.180829048156738 1
1637360944591 13.597784042358398 2
1637360946153 13.245210647583008 3
1637360947822 13.012031555175781 4
1637360949470 12.800925254821777 5
1637360951129 12.769292831420898 6
1637360952979 12.573386192321777 7
1637360957019 12.463735580444336 8
1637360958789 12.321048736572266 9
1637360960439 12.231497764587402 10
1637360962079 11.966228485107422 11
1637360963731 11.904582977294922 12
1637360965378 11.790962219238281 13
1637360967011 11.808735847473145 14
1637360968650 11.607216835021973 15
1637360970297 11.414776802062988 16
1637360971928 11.387768745422363 17
1637360973564 11.426188468933105 18
1637360975197 11.1118745803833 19
1637360976824 11.123950004577637 20
1637360978509 11.005830764770508 21
1637360980165 10.923566818237305 22
1637360982111 10.807043075561523 23
1637360983840 10.654047012329102 24
1637360985496 10.69255542755127 25
1637360987117 10.445125579833984 26
1637360988792 10.493142127990723 27
1637360990638 10.269854545593262 28
1637360992300 10.241271018981934 29
1637360993934 10.199764251708984 30
1637360995594 10.032543182373047 31
1637360997234 10.023614883422852 32
1637360998885 9.960927963256836 33
1637361000546 9.937455177307129 34
1637361002194 9.799347877502441 35
1637361003806 9.720073699951172 36
1637361005450 9.644042015075684 37
1637361007112 9.606363296508789 38
1637361008752 9.570405006408691 39
1637361010432 9.523290634155273 40
1637361012101 9.369928359985352 41
1637361013737 9.452909469604492 42
1637361015383 9.233756065368652 43
1637361017045 9.393048286437988 44
1637361018704 9.19441032409668 45
1637361020344 9.242136001586914 46
1637361022033 8.924479484558105 47
1637361023686 8.791749000549316 48
1637361025329 8.7471923828125 49
1637361026962 8.67180347442627 50
1637361028806 8.566636085510254 51
1637361030466 8.677225112915039 52
1637361032107 8.601445198059082 53
1637361033774 8.515206336975098 54
1637361035392 8.462748527526855 55
1637361039831 12.800925254821777 56
