1637260103051 4664.41943359375 0
1637260105290 1117.8450927734375 1
1637260106817 1064.2022705078125 2
1637260108478 1020.771240234375 3
1637260110298 1028.1805419921875 4
1637260111814 1015.3316650390625 5
1637260113121 966.4547119140625 6
1637260114405 957.9149169921875 7
1637260115697 959.1979370117188 8
1637260116992 938.3689575195312 9
1637260118284 913.2677001953125 10
1637260119854 935.69384765625 11
1637260121287 921.6034545898438 12
1637260122685 895.703857421875 13
1637260124059 883.478271484375 14
1637260125365 868.5264282226562 15
1637260126747 863.9449462890625 16
1637260128151 871.3311767578125 17
1637260129449 855.5662841796875 18
1637260130751 858.4891967773438 19
1637260132065 812.3914794921875 20
1637260133376 811.5555419921875 21
1637260134713 828.6687622070312 22
1637260136156 815.1470947265625 23
1637260137595 782.0123291015625 24
1637260139118 791.2119750976562 25
1637260140875 771.9674682617188 26
1637260142456 771.3170776367188 27
1637260143973 799.681884765625 28
1637260145470 790.5242919921875 29
1637260146992 738.9290161132812 30
1637260148397 740.0501708984375 31
1637260149965 758.2752685546875 32
1637260151728 730.3917846679688 33
1637260153172 723.5470581054688 34
1637260154733 730.6928100585938 35
1637260156430 697.3579711914062 36
1637260157800 721.1315307617188 37
1637260159171 711.4114990234375 38
1637260160514 702.7518310546875 39
1637260161881 706.5839233398438 40
1637260163326 697.2459106445312 41
1637260164673 682.3521118164062 42
1637260166044 660.8807373046875 43
1637260167536 662.2582397460938 44
1637260168905 663.4244995117188 45
1637260170224 641.4058227539062 46
1637260171531 650.872314453125 47
1637260172874 651.372802734375 48
1637260174251 648.6055908203125 49
1637260175619 635.3414916992188 50
1637260177007 624.96484375 51
1637260178369 630.578125 52
1637260179687 635.4005737304688 53
1637260181017 616.0240478515625 54
1637260182334 610.6152954101562 55
1637260183684 614.303466796875 56
1637260185045 605.9962158203125 57
1637260186363 599.4518432617188 58
1637260187708 590.4395751953125 59
1637260189002 592.5441284179688 60
1637260190364 590.3016967773438 61
1637260191758 595.0224609375 62
1637260193057 588.3209228515625 63
1637260194357 576.2261962890625 64
1637260195653 576.564697265625 65
1637260196947 580.5369873046875 66
1637260198252 569.3399658203125 67
1637260199551 558.4848022460938 68
1637260201210 570.2298583984375 69
1637260202682 561.9990234375 70
1637260204151 553.1962280273438 71
1637260205582 547.4337158203125 72
1637260207232 554.6854858398438 73
1637260209000 548.4801025390625 74
1637260210335 548.4134521484375 75
1637260211711 530.5748901367188 76
1637260213056 529.3466796875 77
1637260214600 529.1768188476562 78
1637260216303 542.7745361328125 79
1637260217713 540.7219848632812 80
1637260219235 534.6879272460938 81
1637260220604 528.5272216796875 82
1637260221984 521.5030517578125 83
1637260223449 532.3193359375 84
1637260225033 527.7601318359375 85
1637260226575 523.1222534179688 86
1637260228019 508.6407470703125 87
1637260229797 525.44775390625 88
1637260231359 503.9960632324219 89
1637260232830 504.0930480957031 90
1637260234252 484.31915283203125 91
1637260235729 488.7095947265625 92
1637260237207 498.5859680175781 93
1637260238628 490.89276123046875 94
1637260240010 483.7027282714844 95
1637260241383 478.592041015625 96
1637260242759 489.32861328125 97
1637260244146 487.7426452636719 98
1637260245530 480.2898864746094 99
1637260246899 476.1736145019531 100
1637260248303 464.2371520996094 101
1637260249681 468.4526062011719 102
1637260251156 466.8187255859375 103
1637260252473 463.32293701171875 104
1637260253767 473.4699401855469 105
1637260255112 456.5898742675781 106
1637260256480 462.3133239746094 107
1637260257801 451.0674133300781 108
1637260259184 452.4906921386719 109
1637260260521 456.2322692871094 110
1637260261876 458.7372741699219 111
1637260263199 452.7815246582031 112
1637260264570 453.7820739746094 113
1637260265878 449.80389404296875 114
1637260267214 454.9595031738281 115
1637260268575 441.94866943359375 116
1637260269903 443.51226806640625 117
1637260271257 446.0651550292969 118
1637260272576 437.918212890625 119
1637260273903 453.6453857421875 120
1637260275417 446.80419921875 121
1637260276876 436.8753356933594 122
1637260278392 448.345703125 123
1637260279754 424.8139343261719 124
1637260281069 423.18902587890625 125
1637260282405 433.6896057128906 126
1637260283730 421.2366943359375 127
1637260285158 434.9123229980469 128
1637260286641 429.17529296875 129
1637260288096 425.8061218261719 130
1637260289617 428.6258239746094 131
1637260290944 408.06207275390625 132
1637260292329 409.9895324707031 133
1637260293764 407.2139892578125 134
1637260295272 401.0003662109375 135
1637260296840 407.5291748046875 136
1637260298280 409.20465087890625 137
1637260299970 406.0796813964844 138
1637260301339 407.6697998046875 139
1637260302717 404.865478515625 140
1637260304049 401.9227294921875 141
1637260305387 406.3346862792969 142
1637260306742 397.3880920410156 143
1637260310305 498.5859680175781 144
