1637260103051 42.17991638183594 0
1637260105290 23.818923950195312 1
1637260106817 22.90555191040039 2
1637260108478 22.551063537597656 3
1637260110298 22.43648910522461 4
1637260111814 22.249794006347656 5
1637260113121 21.899131774902344 6
1637260114405 21.729066848754883 7
1637260115697 21.68821907043457 8
1637260116992 21.539806365966797 9
1637260118284 21.28554344177246 10
1637260119854 21.325401306152344 11
1637260121287 21.12391471862793 12
1637260122685 20.91084098815918 13
1637260124059 20.77043342590332 14
1637260125365 20.563758850097656 15
1637260126747 20.348173141479492 16
1637260128151 20.34419822692871 17
1637260129449 20.14722442626953 18
1637260130751 20.103391647338867 19
1637260132065 19.712995529174805 20
1637260133376 19.80461883544922 21
1637260134713 19.860450744628906 22
1637260136156 19.759693145751953 23
1637260137595 19.46493148803711 24
1637260139118 19.531978607177734 25
1637260140875 19.33128547668457 26
1637260142456 19.062511444091797 27
1637260143973 19.360944747924805 28
1637260145470 19.226524353027344 29
1637260146992 18.784053802490234 30
1637260148397 18.812196731567383 31
1637260149965 18.944931030273438 32
1637260151728 18.627140045166016 33
1637260153172 18.503955841064453 34
1637260154733 18.648685455322266 35
1637260156430 18.32406997680664 36
1637260157800 18.55982208251953 37
1637260159171 18.384077072143555 38
1637260160514 18.332216262817383 39
1637260161881 18.24567222595215 40
1637260163326 18.08465003967285 41
1637260164673 18.03114128112793 42
1637260166044 17.92642593383789 43
1637260167536 17.81745719909668 44
1637260168905 17.80779266357422 45
1637260170224 17.563682556152344 46
1637260171531 17.626964569091797 47
1637260172874 17.530078887939453 48
1637260174251 17.549335479736328 49
1637260175619 17.41259765625 50
1637260177007 17.197887420654297 51
1637260178369 17.285415649414062 52
1637260179687 17.25095558166504 53
1637260181017 17.07381820678711 54
1637260182334 17.094873428344727 55
1637260183684 17.055049896240234 56
1637260185045 16.866031646728516 57
1637260186363 16.71316146850586 58
1637260187708 16.670713424682617 59
1637260189002 16.660503387451172 60
1637260190364 16.655241012573242 61
1637260191758 16.664817810058594 62
1637260193057 16.606407165527344 63
1637260194357 16.377456665039062 64
1637260195653 16.40797233581543 65
1637260196947 16.502504348754883 66
1637260198252 16.299076080322266 67
1637260199551 16.222755432128906 68
1637260201210 16.26620864868164 69
1637260202682 16.178178787231445 70
1637260204151 16.109466552734375 71
1637260205582 15.998395919799805 72
1637260207232 16.004941940307617 73
1637260209000 15.949420928955078 74
1637260210335 15.915994644165039 75
1637260211711 15.713799476623535 76
1637260213056 15.731945037841797 77
1637260214600 15.748368263244629 78
1637260216303 15.860995292663574 79
1637260217713 15.745111465454102 80
1637260219235 15.794183731079102 81
1637260220604 15.697092056274414 82
1637260221984 15.62947940826416 83
1637260223449 15.69322395324707 84
1637260225033 15.606807708740234 85
1637260226575 15.659499168395996 86
1637260228019 15.449577331542969 87
1637260229797 15.662425994873047 88
1637260231359 15.208823204040527 89
1637260232830 15.304986000061035 90
1637260234252 15.121903419494629 91
1637260235729 15.152616500854492 92
1637260237207 15.104022979736328 93
1637260238628 15.128900527954102 94
1637260240010 14.877483367919922 95
1637260241383 14.890606880187988 96
1637260242759 15.034883499145508 97
1637260244146 14.889162063598633 98
1637260245530 14.925519943237305 99
1637260246899 14.681488037109375 100
1637260248303 14.67846393585205 101
1637260249681 14.739605903625488 102
1637260251156 14.666303634643555 103
1637260252473 14.677384376525879 104
1637260253767 14.698566436767578 105
1637260255112 14.472650527954102 106
1637260256480 14.514513969421387 107
1637260257801 14.391801834106445 108
1637260259184 14.411293029785156 109
1637260260521 14.57186508178711 110
1637260261876 14.473244667053223 111
1637260263199 14.454012870788574 112
1637260264570 14.363675117492676 113
1637260265878 14.431177139282227 114
1637260267214 14.378621101379395 115
1637260268575 14.282966613769531 116
1637260269903 14.28510570526123 117
1637260271257 14.314017295837402 118
1637260272576 14.140796661376953 119
1637260273903 14.333736419677734 120
1637260275417 14.253862380981445 121
1637260276876 14.166850090026855 122
1637260278392 14.207867622375488 123
1637260279754 13.927393913269043 124
1637260281069 13.900385856628418 125
1637260282405 14.125738143920898 126
1637260283730 13.85830020904541 127
1637260285158 14.052962303161621 128
1637260286641 13.966970443725586 129
1637260288096 14.040485382080078 130
1637260289617 13.948470115661621 131
1637260290944 13.671035766601562 132
1637260292329 13.700416564941406 133
1637260293764 13.580681800842285 134
1637260295272 13.533528327941895 135
1637260296840 13.60969352722168 136
1637260298280 13.617788314819336 137
1637260299970 13.583327293395996 138
1637260301339 13.588924407958984 139
1637260302717 13.448513984680176 140
1637260304049 13.483709335327148 141
1637260305387 13.426495552062988 142
1637260306742 13.326332092285156 143
1637260310305 15.104022979736328 144
