1637260103051 68.29655456542969 0
1637260105290 33.43418884277344 1
1637260106817 32.62211227416992 2
1637260108478 31.94951057434082 3
1637260110298 32.06525421142578 4
1637260111814 31.864269256591797 5
1637260113121 31.087854385375977 6
1637260114405 30.9502010345459 7
1637260115697 30.97092056274414 8
1637260116992 30.632808685302734 9
1637260118284 30.220319747924805 10
1637260119854 30.589113235473633 11
1637260121287 30.357921600341797 12
1637260122685 29.928312301635742 13
1637260124059 29.72336196899414 14
1637260125365 29.47077178955078 15
1637260126747 29.392940521240234 16
1637260128151 29.518320083618164 17
1637260129449 29.250064849853516 18
1637260130751 29.299985885620117 19
1637260132065 28.50248146057129 20
1637260133376 28.48781394958496 21
1637260134713 28.78660774230957 22
1637260136156 28.55078125 23
1637260137595 27.9644832611084 24
1637260139118 28.128490447998047 25
1637260140875 27.7843017578125 26
1637260142456 27.77259635925293 27
1637260143973 28.27864646911621 28
1637260145470 28.11626434326172 29
1637260146992 27.18324851989746 30
1637260148397 27.2038631439209 31
1637260149965 27.53679847717285 32
1637260151728 27.025760650634766 33
1637260153172 26.89883041381836 34
1637260154733 27.031330108642578 35
1637260156430 26.407535552978516 36
1637260157800 26.853891372680664 37
1637260159171 26.672298431396484 38
1637260160514 26.50946617126465 39
1637260161881 26.581645965576172 40
1637260163326 26.405414581298828 41
1637260164673 26.121870040893555 42
1637260166044 25.70760154724121 43
1637260167536 25.734378814697266 44
1637260168905 25.757028579711914 45
1637260170224 25.325990676879883 46
1637260171531 25.51219940185547 47
1637260172874 25.52200698852539 48
1637260174251 25.467737197875977 49
1637260175619 25.205982208251953 50
1637260177007 24.999296188354492 51
1637260178369 25.11131477355957 52
1637260179687 25.2071533203125 53
1637260181017 24.81983184814453 54
1637260182334 24.710630416870117 55
1637260183684 24.785146713256836 56
1637260185045 24.61699104309082 57
1637260186363 24.483705520629883 58
1637260187708 24.298961639404297 59
1637260189002 24.34222984313965 60
1637260190364 24.296125411987305 61
1637260191758 24.393081665039062 62
1637260193057 24.255327224731445 63
1637260194357 24.004711151123047 64
1637260195653 24.011760711669922 65
1637260196947 24.094335556030273 66
1637260198252 23.8608455657959 67
1637260199551 23.632282257080078 68
1637260201210 23.879486083984375 69
1637260202682 23.706518173217773 70
1637260204151 23.520124435424805 71
1637260205582 23.397300720214844 72
1637260207232 23.551761627197266 73
1637260209000 23.419652938842773 74
1637260210335 23.418228149414062 75
1637260211711 23.034212112426758 76
1637260213056 23.007535934448242 77
1637260214600 23.003843307495117 78
1637260216303 23.297521591186523 79
1637260217713 23.253429412841797 80
1637260219235 23.123319625854492 81
1637260220604 22.98971939086914 82
1637260221984 22.836441040039062 83
1637260223449 23.072046279907227 84
1637260225033 22.97303009033203 85
1637260226575 22.87186622619629 86
1637260228019 22.553064346313477 87
1637260229797 22.92264747619629 88
1637260231359 22.44985580444336 89
1637260232830 22.452016830444336 90
1637260234252 22.007251739501953 91
1637260235729 22.10677719116211 92
1637260237207 22.329038619995117 93
1637260238628 22.156099319458008 94
1637260240010 21.993242263793945 95
1637260241383 21.876747131347656 96
1637260242759 22.120773315429688 97
1637260244146 22.084896087646484 98
1637260245530 21.915517807006836 99
1637260246899 21.82140350341797 100
1637260248303 21.54616355895996 101
1637260249681 21.643766403198242 102
1637260251156 21.605987548828125 103
1637260252473 21.52493667602539 104
1637260253767 21.75936508178711 105
1637260255112 21.367963790893555 106
1637260256480 21.50147247314453 107
1637260257801 21.23834800720215 108
1637260259184 21.271827697753906 109
1637260260521 21.359594345092773 110
1637260261876 21.418153762817383 111
1637260263199 21.278663635253906 112
1637260264570 21.302162170410156 113
1637260265878 21.208580017089844 114
1637260267214 21.32978057861328 115
1637260268575 21.02257537841797 116
1637260269903 21.059730529785156 117
1637260271257 21.120254516601562 118
1637260272576 20.926494598388672 119
1637260273903 21.298952102661133 120
1637260275417 21.13774299621582 121
1637260276876 20.90156364440918 122
1637260278392 21.174175262451172 123
1637260279754 20.61101531982422 124
1637260281069 20.571557998657227 125
1637260282405 20.82521629333496 126
1637260283730 20.524051666259766 127
1637260285158 20.854551315307617 128
1637260286641 20.7165470123291 129
1637260288096 20.63507080078125 130
1637260289617 20.70328140258789 131
1637260290944 20.200546264648438 132
1637260292329 20.248197555541992 133
1637260293764 20.17954444885254 134
1637260295272 20.024993896484375 135
1637260296840 20.18735122680664 136
1637260298280 20.22880744934082 137
1637260299970 20.151418685913086 138
1637260301339 20.190834045410156 139
1637260302717 20.12126922607422 140
1637260304049 20.048009872436523 141
1637260305387 20.157745361328125 142
1637260306742 19.934595108032227 143
1637260310305 22.329038619995117 144
