1637358588439 5572.73193359375 0
1637358591659 1478.3443603515625 1
1637358593407 1403.74267578125 2
1637358594961 1278.9356689453125 3
1637358596298 1264.2783203125 4
1637358597657 1216.0421142578125 5
1637358599002 1226.525146484375 6
1637358600527 1206.177978515625 7
1637358601973 1178.8480224609375 8
1637358603727 1199.9727783203125 9
1637358605437 1166.7177734375 10
1637358606851 1162.5255126953125 11
1637358608621 1162.0650634765625 12
1637358610337 1143.609130859375 13
1637358612062 1132.305908203125 14
1637358613866 1140.631103515625 15
1637358615618 1128.1282958984375 16
1637358617342 1100.462158203125 17
1637358618860 1140.3243408203125 18
1637358620264 1088.03662109375 19
1637358621718 1097.1314697265625 20
1637358623598 1057.9571533203125 21
1637358625346 1095.0814208984375 22
1637358626742 1094.3707275390625 23
1637358628079 1050.5067138671875 24
1637358629624 1049.759521484375 25
1637358631347 1066.8328857421875 26
1637358632704 1033.3984375 27
1637358634160 1065.7459716796875 28
1637358635495 1046.39306640625 29
1637358636964 1002.09228515625 30
1637358638393 1012.7972412109375 31
1637358640140 996.3818969726562 32
1637358641778 957.7815551757812 33
1637358643151 970.619384765625 34
1637358644654 953.3135375976562 35
1637358646346 939.9237060546875 36
1637358647856 925.9114990234375 37
1637358649282 922.9769287109375 38
1637358650752 945.4505004882812 39
1637358652182 916.699951171875 40
1637358653887 907.9180908203125 41
1637358655418 912.091796875 42
1637358656856 903.2435913085938 43
1637358658170 903.4927368164062 44
1637358659467 907.7742919921875 45
1637358660786 862.1759643554688 46
1637358662317 865.7665405273438 47
1637358663591 872.7063598632812 48
1637358664880 865.1740112304688 49
1637358666208 863.0000610351562 50
1637358667599 832.5950317382812 51
1637358668974 853.2942504882812 52
1637358670274 836.95068359375 53
1637358671613 825.1834716796875 54
1637358672981 826.6241455078125 55
1637358674285 822.0571899414062 56
1637358675614 800.595458984375 57
1637358677107 803.4356079101562 58
1637358678429 831.7515258789062 59
1637358679739 799.3102416992188 60
1637358681044 793.6409912109375 61
1637358682373 778.7618408203125 62
1637358683676 782.670166015625 63
1637358684976 791.9921264648438 64
1637358686273 784.9411010742188 65
1637358687607 765.1958618164062 66
1637358688918 768.0073852539062 67
1637358690225 776.3973388671875 68
1637358691542 757.6923217773438 69
1637358692851 767.3710327148438 70
1637358694160 740.8607177734375 71
1637358695461 755.2566528320312 72
1637358696797 746.1837158203125 73
1637358698105 737.8540649414062 74
1637358699428 725.7723388671875 75
1637358700733 709.9673461914062 76
1637358702069 694.7417602539062 77
1637358703371 650.14892578125 78
1637358704669 642.9364013671875 79
1637358705959 622.1751098632812 80
1637358707304 621.2918701171875 81
1637358708610 602.6705322265625 82
1637358709895 611.1439819335938 83
1637358711196 608.1923217773438 84
1637358712529 572.2391967773438 85
1637358713826 579.752197265625 86
1637358715130 611.9091186523438 87
1637358716440 588.1038818359375 88
1637358717794 549.1567993164062 89
1637358719104 546.7763061523438 90
1637358720411 528.4186401367188 91
1637358721735 549.5686645507812 92
1637358723047 547.72509765625 93
1637358724346 531.86962890625 94
1637358725652 547.2033081054688 95
1637358727016 519.1099243164062 96
1637358728319 538.4259033203125 97
1637358729625 505.3541259765625 98
1637358730933 529.9351196289062 99
1637358732262 515.181884765625 100
1637358733583 488.4803161621094 101
1637358734884 508.4023132324219 102
1637358736194 507.42315673828125 103
1637358737533 505.5461120605469 104
1637358738849 506.2366027832031 105
1637358740149 487.8994445800781 106
1637358741449 500.4114074707031 107
1637358742774 508.825927734375 108
1637358744068 502.6076965332031 109
1637358745380 489.60455322265625 110
1637358746680 470.3970947265625 111
1637358748021 484.47705078125 112
1637358749319 494.0605163574219 113
1637358750614 496.174072265625 114
1637358751923 479.6124572753906 115
1637358753231 477.8497314453125 116
1637358754537 475.7760009765625 117
1637358755835 467.5679931640625 118
1637358757171 486.70037841796875 119
1637358758480 469.8709411621094 120
1637358759781 458.0555725097656 121
1637358761073 478.5552978515625 122
1637358762395 463.84490966796875 123
1637358763710 473.1703186035156 124
1637358767047 737.8540649414062 125
