1637358588439 49.12379455566406 0
1637358591659 27.55029296875 1
1637358593407 26.600818634033203 2
1637358594961 25.38308334350586 3
1637358596298 25.0556640625 4
1637358597657 24.748458862304688 5
1637358599002 24.73684310913086 6
1637358600527 24.523916244506836 7
1637358601973 24.230737686157227 8
1637358603727 24.410429000854492 9
1637358605437 23.931528091430664 10
1637358606851 24.14165687561035 11
1637358608621 23.972997665405273 12
1637358610337 23.87397003173828 13
1637358612062 23.716142654418945 14
1637358613866 23.71819305419922 15
1637358615618 23.610675811767578 16
1637358617342 23.16553497314453 17
1637358618860 23.530742645263672 18
1637358620264 23.117767333984375 19
1637358621718 23.126049041748047 20
1637358623598 22.768085479736328 21
1637358625346 22.87104606628418 22
1637358626742 22.945453643798828 23
1637358628079 22.541460037231445 24
1637358629624 22.481338500976562 25
1637358631347 22.472410202026367 26
1637358632704 22.370197296142578 27
1637358634160 22.597923278808594 28
1637358635495 22.455570220947266 29
1637358636964 21.908615112304688 30
1637358638393 21.978931427001953 31
1637358640140 21.8966064453125 32
1637358641778 21.527009963989258 33
1637358643151 21.612424850463867 34
1637358644654 21.55292320251465 35
1637358646346 21.34557342529297 36
1637358647856 21.222930908203125 37
1637358649282 20.984128952026367 38
1637358650752 21.22709846496582 39
1637358652182 20.900463104248047 40
1637358653887 20.77730369567871 41
1637358655418 20.81905746459961 42
1637358656856 20.76356315612793 43
1637358658170 20.758350372314453 44
1637358659467 20.737709045410156 45
1637358660786 20.38339614868164 46
1637358662317 20.448284149169922 47
1637358663591 20.400611877441406 48
1637358664880 20.205251693725586 49
1637358666208 20.17588996887207 50
1637358667599 19.964237213134766 51
1637358668974 20.06956672668457 52
1637358670274 19.87619400024414 53
1637358671613 19.77431869506836 54
1637358672981 19.914812088012695 55
1637358674285 19.753032684326172 56
1637358675614 19.539491653442383 57
1637358677107 19.581296920776367 58
1637358678429 19.664186477661133 59
1637358679739 19.462438583374023 60
1637358681044 19.320833206176758 61
1637358682373 19.078981399536133 62
1637358683676 19.176054000854492 63
1637358684976 19.22930908203125 64
1637358686273 19.0949764251709 65
1637358687607 18.888708114624023 66
1637358688918 18.942964553833008 67
1637358690225 18.998790740966797 68
1637358691542 18.668813705444336 69
1637358692851 18.760719299316406 70
1637358694160 18.404325485229492 71
1637358695461 18.61214256286621 72
1637358696797 18.519689559936523 73
1637358698105 18.378036499023438 74
1637358699428 18.24398422241211 75
1637358700733 18.099910736083984 76
1637358702069 17.949506759643555 77
1637358703371 17.38392448425293 78
1637358704669 17.253007888793945 79
1637358705959 16.918333053588867 80
1637358707304 16.928476333618164 81
1637358708610 16.830141067504883 82
1637358709895 16.727291107177734 83
1637358711196 16.75188636779785 84
1637358712529 16.384197235107422 85
1637358713826 16.395824432373047 86
1637358715130 16.735395431518555 87
1637358716440 16.49644660949707 88
1637358717794 15.96574878692627 89
1637358719104 15.949830055236816 90
1637358720411 15.768487930297852 91
1637358721735 15.901824951171875 92
1637358723047 15.856680870056152 93
1637358724346 15.711516380310059 94
1637358725652 15.700521469116211 95
1637358727016 15.48397159576416 96
1637358728319 15.66063404083252 97
1637358729625 15.324390411376953 98
1637358730933 15.495797157287598 99
1637358732262 15.359272003173828 100
1637358733583 15.116608619689941 101
1637358734884 15.198250770568848 102
1637358736194 15.286425590515137 103
1637358737533 15.27287483215332 104
1637358738849 15.115116119384766 105
1637358740149 14.964725494384766 106
1637358741449 15.10266399383545 107
1637358742774 15.168567657470703 108
1637358744068 15.022119522094727 109
1637358745380 14.94611930847168 110
1637358746680 14.779483795166016 111
1637358748021 14.927411079406738 112
1637358749319 14.927741050720215 113
1637358750614 14.878910064697266 114
1637358751923 14.725785255432129 115
1637358753231 14.709229469299316 116
1637358754537 14.705668449401855 117
1637358755835 14.571999549865723 118
1637358757171 14.839963912963867 119
1637358758480 14.636785507202148 120
1637358759781 14.505609512329102 121
1637358761073 14.623465538024902 122
1637358762395 14.495965003967285 123
1637358763710 14.594989776611328 124
1637358767047 18.378036499023438 125
