1637358588439 74.6507339477539 0
1637358591659 38.44924545288086 1
1637358593407 37.466552734375 2
1637358594961 35.762210845947266 3
1637358596298 35.55669021606445 4
1637358597657 34.871795654296875 5
1637358599002 35.02178192138672 6
1637358600527 34.730072021484375 7
1637358601973 34.334354400634766 8
1637358603727 34.640625 9
1637358605437 34.157249450683594 10
1637358606851 34.095829010009766 11
1637358608621 34.08907699584961 12
1637358610337 33.817291259765625 13
1637358612062 33.64975357055664 14
1637358613866 33.773231506347656 15
1637358615618 33.58761978149414 16
1637358617342 33.173213958740234 17
1637358618860 33.7686882019043 18
1637358620264 32.98540115356445 19
1637358621718 33.12297439575195 20
1637358623598 32.52625274658203 21
1637358625346 33.09201431274414 22
1637358626742 33.081275939941406 23
1637358628079 32.411521911621094 24
1637358629624 32.399993896484375 25
1637358631347 32.66240692138672 26
1637358632704 32.146514892578125 27
1637358634160 32.6457633972168 28
1637358635495 32.347999572753906 29
1637358636964 31.655841827392578 30
1637358638393 31.82447624206543 31
1637358640140 31.56551742553711 32
1637358641778 30.94804573059082 33
1637358643151 31.15476417541504 34
1637358644654 30.875776290893555 35
1637358646346 30.658174514770508 36
1637358647856 30.428794860839844 37
1637358649282 30.380535125732422 38
1637358650752 30.748178482055664 39
1637358652182 30.277053833007812 40
1637358653887 30.13167953491211 41
1637358655418 30.200857162475586 42
1637358656856 30.05401039123535 43
1637358658170 30.058155059814453 44
1637358659467 30.12929344177246 45
1637358660786 29.36283302307129 46
1637358662317 29.42391014099121 47
1637358663591 29.541603088378906 48
1637358664880 29.413841247558594 49
1637358666208 29.376863479614258 50
1637358667599 28.85472297668457 51
1637358668974 29.211200714111328 52
1637358670274 28.930099487304688 53
1637358671613 28.72600746154785 54
1637358672981 28.75107192993164 55
1637358674285 28.671539306640625 56
1637358675614 28.294795989990234 57
1637358677107 28.344940185546875 58
1637358678429 28.840103149414062 59
1637358679739 28.272075653076172 60
1637358681044 28.171634674072266 61
1637358682373 27.90630531311035 62
1637358683676 27.976242065429688 63
1637358684976 28.14235496520996 64
1637358686273 28.016799926757812 65
1637358687607 27.662174224853516 66
1637358688918 27.71294593811035 67
1637358690225 27.863906860351562 68
1637358691542 27.52621078491211 69
1637358692851 27.701461791992188 70
1637358694160 27.21875762939453 71
1637358695461 27.48193359375 72
1637358696797 27.316364288330078 73
1637358698105 27.163469314575195 74
1637358699428 26.940162658691406 75
1637358700733 26.645212173461914 76
1637358702069 26.357954025268555 77
1637358703371 25.498018264770508 78
1637358704669 25.356189727783203 79
1637358705959 24.943437576293945 80
1637358707304 24.92572784423828 81
1637358708610 24.549348831176758 82
1637358709895 24.72132682800293 83
1637358711196 24.661556243896484 84
1637358712529 23.92152214050293 85
1637358713826 24.07804298400879 86
1637358715130 24.736797332763672 87
1637358716440 24.250852584838867 88
1637358717794 23.43409538269043 89
1637358719104 23.383249282836914 90
1637358720411 22.98735809326172 91
1637358721735 23.442880630493164 92
1637358723047 23.403528213500977 93
1637358724346 23.062299728393555 94
1637358725652 23.392377853393555 95
1637358727016 22.78398323059082 96
1637358728319 23.20400619506836 97
1637358729625 22.480083465576172 98
1637358730933 23.02031898498535 99
1637358732262 22.69761848449707 100
1637358733583 22.101591110229492 101
1637358734884 22.547779083251953 102
1637358736194 22.52605438232422 103
1637358737533 22.484352111816406 104
1637358738849 22.49970245361328 105
1637358740149 22.08844566345215 106
1637358741449 22.369876861572266 107
1637358742774 22.557170867919922 108
1637358744068 22.418912887573242 109
1637358745380 22.127010345458984 110
1637358746680 21.688640594482422 111
1637358748021 22.010839462280273 112
1637358749319 22.22747230529785 113
1637358750614 22.274965286254883 114
1637358751923 21.900056838989258 115
1637358753231 21.859773635864258 116
1637358754537 21.81229019165039 117
1637358755835 21.623321533203125 118
1637358757171 22.06128692626953 119
1637358758480 21.67650604248047 120
1637358759781 21.402233123779297 121
1637358761073 21.875905990600586 122
1637358762395 21.537059783935547 123
1637358763710 21.752477645874023 124
1637358767047 27.163469314575195 125
