1637363672585 810.7365112304688 0
1637363674282 181.3945770263672 1
1637363675616 168.8471221923828 2
1637363677200 162.05905151367188 3
1637363678618 160.01991271972656 4
1637363680032 153.48597717285156 5
1637363681493 150.54359436035156 6
1637363682823 145.9624786376953 7
1637363684164 142.5773468017578 8
1637363685494 139.0608367919922 9
1637363686855 135.70713806152344 10
1637363688552 132.9082489013672 11
1637363690132 130.6057891845703 12
1637363691470 125.80138397216797 13
1637363693095 124.29056549072266 14
1637363694647 123.88197326660156 15
1637363695991 120.90123748779297 16
1637363697337 121.10606384277344 17
1637363698679 115.70460510253906 18
1637363700056 116.51024627685547 19
1637363701581 112.24545288085938 20
1637363702927 111.80290222167969 21
1637363704732 108.5645980834961 22
1637363706479 107.56595611572266 23
1637363708122 106.24564361572266 24
1637363709760 103.54971313476562 25
1637363711540 105.1613998413086 26
1637363713075 100.37977600097656 27
1637363714729 97.7278823852539 28
1637363716260 100.17094421386719 29
1637363717987 96.56492614746094 30
1637363719524 93.84209442138672 31
1637363720997 92.9748306274414 32
1637363722359 91.9056396484375 33
1637363723783 94.1009292602539 34
1637363725169 92.83837127685547 35
1637363726488 88.2953872680664 36
1637363727912 87.88507080078125 37
1637363729616 86.06204986572266 38
1637363731076 85.81566619873047 39
1637363732638 84.55032348632812 40
1637363734254 83.33318328857422 41
1637363735866 82.17607879638672 42
1637363737406 81.2161865234375 43
1637363738835 80.16325378417969 44
1637363740193 79.18988037109375 45
1637363741585 79.29463195800781 46
1637363742919 77.6121597290039 47
1637363744262 77.15341186523438 48
1637363745603 76.5525894165039 49
1637363746927 74.3913345336914 50
1637363748251 75.60123443603516 51
1637363749580 74.20480346679688 52
1637363750921 73.96041107177734 53
1637363752847 73.60587310791016 54
1637363754413 73.00814056396484 55
1637363755760 71.16156768798828 56
1637363757133 70.28040313720703 57
1637363758477 70.59471130371094 58
1637363759825 69.49861907958984 59
1637363761190 69.2357406616211 60
1637363762545 68.43402099609375 61
1637363763887 67.19672393798828 62
1637363765257 66.5924301147461 63
1637363766591 67.0376205444336 64
1637363767928 65.98007202148438 65
1637363769277 64.43182373046875 66
1637363770619 64.70938110351562 67
1637363771991 63.159847259521484 68
1637363773345 62.94044876098633 69
1637363774776 63.48398971557617 70
1637363776091 62.12116622924805 71
1637363777463 59.75188446044922 72
1637363778894 61.87009811401367 73
1637363780456 61.15089416503906 74
1637363781982 58.35811996459961 75
1637363783629 60.8185920715332 76
1637363785144 58.89813995361328 77
1637363786558 58.074703216552734 78
1637363787830 58.441280364990234 79
1637363789407 57.79277038574219 80
1637363790754 55.05033874511719 81
1637363792070 56.47490310668945 82
1637363793450 54.980064392089844 83
1637363794751 56.4448127746582 84
1637363796113 54.907527923583984 85
1637363797607 56.000396728515625 86
1637363799027 53.380619049072266 87
1637363800359 53.59005355834961 88
1637363801829 53.24322509765625 89
1637363803199 52.47807312011719 90
1637363804508 52.15161895751953 91
1637363805864 50.391380310058594 92
1637363807401 51.435890197753906 93
1637363808692 51.14226531982422 94
1637363809987 50.182586669921875 95
1637363811289 50.284236907958984 96
1637363812581 49.813228607177734 97
1637363813918 50.11862564086914 98
1637363815367 48.727745056152344 99
1637363816679 49.060848236083984 100
1637363818019 47.962493896484375 101
1637363819348 47.952919006347656 102
1637363820852 47.220252990722656 103
1637363822342 47.07869338989258 104
1637363823662 46.39094161987305 105
1637363825022 45.503231048583984 106
1637363826494 45.98683166503906 107
1637363827795 43.85057067871094 108
1637363829091 45.475685119628906 109
1637363830392 43.64096450805664 110
1637363831770 43.51809310913086 111
1637363833062 43.59614562988281 112
1637363834568 42.87399673461914 113
1637363836162 42.15398025512695 114
1637363837514 43.83562469482422 115
1637363841426 65.98007202148438 116
