1637363672585 18.5776424407959 0
1637363674282 10.381382942199707 1
1637363675616 9.966652870178223 2
1637363677200 9.76219654083252 3
1637363678618 9.697503089904785 4
1637363680032 9.457700729370117 5
1637363681493 9.311498641967773 6
1637363682823 9.21041488647461 7
1637363684164 9.066551208496094 8
1637363685494 8.962308883666992 9
1637363686855 8.856810569763184 10
1637363688552 8.767675399780273 11
1637363690132 8.68610954284668 12
1637363691470 8.500252723693848 13
1637363693095 8.415547370910645 14
1637363694647 8.396573066711426 15
1637363695991 8.325889587402344 16
1637363697337 8.308463096618652 17
1637363698679 8.138935089111328 18
1637363700056 8.109746932983398 19
1637363701581 7.981896877288818 20
1637363702927 7.941900730133057 21
1637363704732 7.8280510902404785 22
1637363706479 7.755658149719238 23
1637363708122 7.732302188873291 24
1637363709760 7.65955924987793 25
1637363711540 7.662471294403076 26
1637363713075 7.514138698577881 27
1637363714729 7.454758167266846 28
1637363716260 7.445801258087158 29
1637363717987 7.3617072105407715 30
1637363719524 7.241805076599121 31
1637363720997 7.161273002624512 32
1637363722359 7.136575222015381 33
1637363723783 7.180637359619141 34
1637363725169 7.171899795532227 35
1637363726488 7.01903772354126 36
1637363727912 6.962674617767334 37
1637363729616 6.89353609085083 38
1637363731076 6.864901065826416 39
1637363732638 6.836792469024658 40
1637363734254 6.798652648925781 41
1637363735866 6.7346086502075195 42
1637363737406 6.682284832000732 43
1637363738835 6.70019006729126 44
1637363740193 6.60775899887085 45
1637363741585 6.6264801025390625 46
1637363742919 6.553177356719971 47
1637363744262 6.4978742599487305 48
1637363745603 6.477300643920898 49
1637363746927 6.405785083770752 50
1637363748251 6.470037460327148 51
1637363749580 6.351877212524414 52
1637363750921 6.335423946380615 53
1637363752847 6.323712348937988 54
1637363754413 6.350877285003662 55
1637363755760 6.2554612159729 56
1637363757133 6.200150012969971 57
1637363758477 6.196211814880371 58
1637363759825 6.159692764282227 59
1637363761190 6.154286861419678 60
1637363762545 6.129532337188721 61
1637363763887 6.0754194259643555 62
1637363765257 6.031024932861328 63
1637363766591 6.003479480743408 64
1637363767928 6.021597862243652 65
1637363769277 5.912879943847656 66
1637363770619 5.882067680358887 67
1637363771991 5.841055870056152 68
1637363773345 5.832998752593994 69
1637363774776 5.845371723175049 70
1637363776091 5.80391788482666 71
1637363777463 5.678125858306885 72
1637363778894 5.740123748779297 73
1637363780456 5.739616870880127 74
1637363781982 5.613229751586914 75
1637363783629 5.680769443511963 76
1637363785144 5.608545303344727 77
1637363786558 5.56636381149292 78
1637363787830 5.575499057769775 79
1637363789407 5.569605827331543 80
1637363790754 5.432494640350342 81
1637363792070 5.486861228942871 82
1637363793450 5.413111209869385 83
1637363794751 5.453509330749512 84
1637363796113 5.411530017852783 85
1637363797607 5.400440216064453 86
1637363799027 5.303538799285889 87
1637363800359 5.287191867828369 88
1637363801829 5.274654865264893 89
1637363803199 5.259366512298584 90
1637363804508 5.227889060974121 91
1637363805864 5.154799938201904 92
1637363807401 5.148284912109375 93
1637363808692 5.17149543762207 94
1637363809987 5.124783515930176 95
1637363811289 5.105662822723389 96
1637363812581 5.0831685066223145 97
1637363813918 5.091238021850586 98
1637363815367 5.017009258270264 99
1637363816679 5.029046058654785 100
1637363818019 4.956466197967529 101
1637363819348 4.971044063568115 102
1637363820852 4.9358625411987305 103
1637363822342 4.927711009979248 104
1637363823662 4.877418518066406 105
1637363825022 4.803747177124023 106
1637363826494 4.818833827972412 107
1637363827795 4.75009822845459 108
1637363829091 4.809802532196045 109
1637363830392 4.734386920928955 110
1637363831770 4.688094615936279 111
1637363833062 4.709380626678467 112
1637363834568 4.639655113220215 113
1637363836162 4.624697685241699 114
1637363837514 4.661991119384766 115
1637363841426 6.021597862243652 116
