1637363672585 28.473434448242188 0
1637363674282 13.468280792236328 1
1637363675616 12.994118690490723 2
1637363677200 12.730241775512695 3
1637363678618 12.649897575378418 4
1637363680032 12.388945579528809 5
1637363681493 12.269620895385742 6
1637363682823 12.081493377685547 7
1637363684164 11.94057559967041 8
1637363685494 11.79240608215332 9
1637363686855 11.649340629577637 10
1637363688552 11.528583526611328 11
1637363690132 11.428289413452148 12
1637363691470 11.216121673583984 13
1637363693095 11.148568153381348 14
1637363694647 11.130228042602539 15
1637363695991 10.99551010131836 16
1637363697337 11.004819869995117 17
1637363698679 10.756607055664062 18
1637363700056 10.793991088867188 19
1637363701581 10.594595909118652 20
1637363702927 10.573689460754395 21
1637363704732 10.41943359375 22
1637363706479 10.371400833129883 23
1637363708122 10.307552337646484 24
1637363709760 10.17593765258789 25
1637363711540 10.254823684692383 26
1637363713075 10.018970489501953 27
1637363714729 9.885741233825684 28
1637363716260 10.008543968200684 29
1637363717987 9.82674503326416 30
1637363719524 9.687212944030762 31
1637363720997 9.642345428466797 32
1637363722359 9.586743354797363 33
1637363723783 9.700563430786133 34
1637363725169 9.63526725769043 35
1637363726488 9.396562576293945 36
1637363727912 9.374703407287598 37
1637363729616 9.276963233947754 38
1637363731076 9.26367473602295 39
1637363732638 9.195124626159668 40
1637363734254 9.128701210021973 41
1637363735866 9.065102577209473 42
1637363737406 9.012001991271973 43
1637363738835 8.95339298248291 44
1637363740193 8.898869514465332 45
1637363741585 8.904753684997559 46
1637363742919 8.809776306152344 47
1637363744262 8.78370189666748 48
1637363745603 8.749433517456055 49
1637363746927 8.625041007995605 50
1637363748251 8.694896697998047 51
1637363749580 8.61422061920166 52
1637363750921 8.600024223327637 53
1637363752847 8.579386711120605 54
1637363754413 8.544480323791504 55
1637363755760 8.435731887817383 56
1637363757133 8.383340835571289 57
1637363758477 8.402066230773926 58
1637363759825 8.336583137512207 59
1637363761190 8.320801734924316 60
1637363762545 8.272485733032227 61
1637363763887 8.19736099243164 62
1637363765257 8.160418510437012 63
1637363766591 8.187650680541992 64
1637363767928 8.122812271118164 65
1637363769277 8.02694320678711 66
1637363770619 8.044214248657227 67
1637363771991 7.947317123413086 68
1637363773345 7.933501720428467 69
1637363774776 7.967684268951416 70
1637363776091 7.881698131561279 71
1637363777463 7.729934215545654 72
1637363778894 7.8657546043396 73
1637363780456 7.81990385055542 74
1637363781982 7.639248847961426 75
1637363783629 7.7986273765563965 76
1637363785144 7.6745123863220215 77
1637363786558 7.620676040649414 78
1637363787830 7.644689559936523 79
1637363789407 7.602155685424805 80
1637363790754 7.419591426849365 81
1637363792070 7.514978408813477 82
1637363793450 7.414854526519775 83
1637363794751 7.512976169586182 84
1637363796113 7.409961223602295 85
1637363797607 7.483341217041016 86
1637363799027 7.306204319000244 87
1637363800359 7.320522785186768 88
1637363801829 7.29679536819458 89
1637363803199 7.244174957275391 90
1637363804508 7.221607685089111 91
1637363805864 7.09868860244751 92
1637363807401 7.171882152557373 93
1637363808692 7.151381969451904 94
1637363809987 7.0839667320251465 95
1637363811289 7.091137886047363 96
1637363812581 7.057848930358887 97
1637363813918 7.079451084136963 98
1637363815367 6.980525970458984 99
1637363816679 7.004344940185547 100
1637363818019 6.9254961013793945 101
1637363819348 6.9248046875 102
1637363820852 6.871699333190918 103
1637363822342 6.861391544342041 104
1637363823662 6.811089515686035 105
1637363825022 6.745608329772949 106
1637363826494 6.7813591957092285 107
1637363827795 6.621976375579834 108
1637363829091 6.743566036224365 109
1637363830392 6.606130599975586 110
1637363831770 6.596824645996094 111
1637363833062 6.602737903594971 112
1637363834568 6.547823905944824 113
1637363836162 6.49260950088501 114
1637363837514 6.620847702026367 115
1637363841426 8.122812271118164 116
