1637174445463 0.4447898268699646 0
1637174446376 0.5565374493598938 1
1637174447341 0.676895260810852 2
1637174448285 0.7550254464149475 3
1637174449231 0.8069583177566528 4
1637174450379 0.8511703014373779 5
1637174451266 0.8889674544334412 6
1637174452158 0.9100324511528015 7
1637174453050 0.9229015707969666 8
1637174453935 0.9297754168510437 9
1637174454830 0.9339710474014282 10
1637174455734 0.9389635324478149 11
1637174456626 0.9305275082588196 12
1637174457521 0.946956217288971 13
1637174458438 0.9490223526954651 14
1637174459328 0.9511122107505798 15
1637174460215 0.9525555968284607 16
1637174461108 0.9532918334007263 17
1637174462006 0.9541810750961304 18
1637174462893 0.9551864266395569 19
