1637174445463 47.69163131713867 0
1637174446376 3.7291948795318604 1
1637174447341 1.262671709060669 2
1637174448285 0.8364652991294861 3
1637174449231 0.6587949395179749 4
1637174450379 0.5287033915519714 5
1637174451266 0.4159860908985138 6
1637174452158 0.35310792922973633 7
1637174453050 0.31425729393959045 8
1637174453935 0.295198917388916 9
1637174454830 0.28228119015693665 10
1637174455734 0.26932963728904724 11
1637174456626 0.3011819124221802 12
1637174457521 0.24571408331394196 13
1637174458438 0.24051396548748016 14
1637174459328 0.23359034955501556 15
1637174460215 0.2282830774784088 16
1637174461108 0.22541269659996033 17
1637174462006 0.22443237900733948 18
1637174462893 0.21994507312774658 19
