1637428909581 11123.0185546875 0
1637428911137 2843.644775390625 1
1637428912491 2509.525390625 2
1637428913883 2406.50146484375 3
1637428915117 2331.741455078125 4
1637428916349 2260.509033203125 5
1637428917599 2231.9931640625 6
1637428918874 2110.756103515625 7
1637428920382 2096.295166015625 8
1637428921634 2032.8155517578125 9
1637428922979 1957.1083984375 10
1637428924332 2003.1976318359375 11
1637428925774 1922.628173828125 12
1637428927071 1925.4808349609375 13
1637428928393 1897.4996337890625 14
1637428929649 1832.533447265625 15
1637428930963 1800.148193359375 16
1637428932267 1743.6016845703125 17
1637428933534 1732.654541015625 18
1637428934885 1790.4993896484375 19
1637428936354 1771.57861328125 20
1637428937812 1738.8695068359375 21
1637428939160 1706.3426513671875 22
1637428940533 1630.365966796875 23
1637428941920 1615.5220947265625 24
1637428943200 1639.99658203125 25
1637428944454 1625.7205810546875 26
1637428945682 1612.8026123046875 27
1637428946988 1578.33447265625 28
1637428948269 1549.5595703125 29
1637428949564 1553.092529296875 30
1637428950916 1479.8917236328125 31
1637428952246 1544.679931640625 32
1637428953639 1498.49365234375 33
1637428955221 1461.099853515625 34
1637428956691 1472.2979736328125 35
1637428958058 1440.3853759765625 36
1637428959373 1418.86767578125 37
1637428960902 1426.2547607421875 38
1637428962505 1395.0401611328125 39
1637428963984 1425.079345703125 40
1637428965235 1336.8404541015625 41
1637428966552 1347.1170654296875 42
1637428967826 1318.222900390625 43
1637428969143 1340.5177001953125 44
1637428970402 1312.6678466796875 45
1637428971765 1265.4598388671875 46
1637428973224 1321.5615234375 47
1637428974624 1318.967041015625 48
1637428976040 1272.2606201171875 49
1637428977617 1283.243408203125 50
1637428979368 1260.28076171875 51
1637428980701 1253.66455078125 52
1637428982106 1278.9520263671875 53
1637428983417 1275.4761962890625 54
1637428984796 1266.9324951171875 55
1637428986325 1249.649169921875 56
1637428987706 1238.4237060546875 57
1637428988933 1227.080810546875 58
1637428990321 1241.1903076171875 59
1637428991645 1222.1085205078125 60
1637428992934 1203.4085693359375 61
1637428994214 1234.1348876953125 62
1637428995485 1198.238037109375 63
1637428996722 1196.1690673828125 64
1637428997956 1217.1683349609375 65
1637428999189 1233.2698974609375 66
1637429000438 1221.0430908203125 67
1637429001684 1184.421875 68
1637429002952 1207.408447265625 69
1637429004195 1145.64013671875 70
1637429005432 1193.9720458984375 71
1637429006841 1199.2142333984375 72
1637429008062 1157.460205078125 73
1637429009447 1175.6181640625 74
1637429010691 1127.5977783203125 75
1637429012087 1158.914306640625 76
1637429013352 1181.843017578125 77
1637429014685 1181.8824462890625 78
1637429016079 1148.879150390625 79
1637429017403 1143.44482421875 80
1637429018639 1132.469482421875 81
1637429019879 1110.7276611328125 82
1637429021152 1107.4840087890625 83
1637429022418 1102.234130859375 84
1637429023673 1140.33740234375 85
1637429024915 1126.8228759765625 86
1637429026541 1110.4239501953125 87
1637429027880 1138.3658447265625 88
1637429029168 1128.018310546875 89
1637429030487 1120.858642578125 90
1637429031740 1093.6287841796875 91
1637429035175 1336.8404541015625 92
