1637428909581 76.07426452636719 0
1637428911137 39.396358489990234 1
1637428912491 36.795284271240234 2
1637428913883 35.173213958740234 3
1637428915117 34.61948776245117 4
1637428916349 33.85076904296875 5
1637428917599 33.231388092041016 6
1637428918874 32.56953430175781 7
1637428920382 32.26726531982422 8
1637428921634 31.599796295166016 9
1637428922979 30.94617462158203 10
1637428924332 31.067584991455078 11
1637428925774 30.395294189453125 12
1637428927071 30.49394989013672 13
1637428928393 30.181072235107422 14
1637428929649 29.75491714477539 15
1637428930963 29.487417221069336 16
1637428932267 29.117395401000977 17
1637428933534 28.975746154785156 18
1637428934885 29.04547691345215 19
1637428936354 28.885761260986328 20
1637428937812 28.694183349609375 21
1637428939160 28.37987518310547 22
1637428940533 27.799570083618164 23
1637428941920 27.71123504638672 24
1637428943200 27.754560470581055 25
1637428944454 27.397674560546875 26
1637428945682 27.334335327148438 27
1637428946988 27.141714096069336 28
1637428948269 26.803695678710938 29
1637428949564 26.943614959716797 30
1637428950916 26.258134841918945 31
1637428952246 26.460927963256836 32
1637428953639 26.27412986755371 33
1637428955221 26.136154174804688 34
1637428956691 26.043628692626953 35
1637428958058 25.908737182617188 36
1637428959373 25.56477928161621 37
1637428960902 25.52504539489746 38
1637428962505 25.29189682006836 39
1637428963984 25.322484970092773 40
1637428965235 24.8940486907959 41
1637428966552 24.811382293701172 42
1637428967826 24.546112060546875 43
1637428969143 24.76735496520996 44
1637428970402 24.628597259521484 45
1637428971765 24.258167266845703 46
1637428973224 24.434062957763672 47
1637428974624 24.597213745117188 48
1637428976040 24.356548309326172 49
1637428977617 24.20350456237793 50
1637428979368 24.252538681030273 51
1637428980701 23.969173431396484 52
1637428982106 24.275880813598633 53
1637428983417 24.26610565185547 54
1637428984796 23.980329513549805 55
1637428986325 24.002546310424805 56
1637428987706 23.794445037841797 57
1637428988933 23.75128936767578 58
1637428990321 23.706865310668945 59
1637428991645 23.661516189575195 60
1637428992934 23.378355026245117 61
1637428994214 23.620512008666992 62
1637428995485 23.533185958862305 63
1637428996722 23.368391036987305 64
1637428997956 23.639297485351562 65
1637428999189 23.456302642822266 66
1637429000438 23.552988052368164 67
1637429001684 23.191566467285156 68
1637429002952 23.29871368408203 69
1637429004195 22.6541690826416 70
1637429005432 23.139848709106445 71
1637429006841 23.10365867614746 72
1637429008062 22.762590408325195 73
1637429009447 22.779909133911133 74
1637429010691 22.61734962463379 75
1637429012087 22.93013572692871 76
1637429013352 22.999849319458008 77
1637429014685 22.779560089111328 78
1637429016079 22.61119842529297 79
1637429017403 22.598024368286133 80
1637429018639 22.588193893432617 81
1637429019879 22.492542266845703 82
1637429021152 22.44083023071289 83
1637429022418 22.230676651000977 84
1637429023673 22.59559440612793 85
1637429024915 22.340131759643555 86
1637429026541 22.276575088500977 87
1637429027880 22.27264976501465 88
1637429029168 22.341732025146484 89
1637429030487 22.137104034423828 90
1637429031740 21.952709197998047 91
1637429035175 24.8940486907959 92
