1637428909581 105.4657211303711 0
1637428911137 53.325836181640625 1
1637428912491 50.09516525268555 2
1637428913883 49.05610656738281 3
1637428915117 48.288108825683594 4
1637428916349 47.5448112487793 5
1637428917599 47.24397659301758 6
1637428918874 45.94296646118164 7
1637428920382 45.785316467285156 8
1637428921634 45.08675765991211 9
1637428922979 44.239219665527344 10
1637428924332 44.75709533691406 11
1637428925774 43.84778594970703 12
1637428927071 43.88030242919922 13
1637428928393 43.560298919677734 14
1637428929649 42.808101654052734 15
1637428930963 42.42815399169922 16
1637428932267 41.7564582824707 17
1637428933534 41.62516784667969 18
1637428934885 42.314292907714844 19
1637428936354 42.090126037597656 20
1637428937812 41.69975280761719 21
1637428939160 41.307899475097656 22
1637428940533 40.37779235839844 23
1637428941920 40.19355773925781 24
1637428943200 40.49687194824219 25
1637428944454 40.32022476196289 26
1637428945682 40.15971374511719 27
1637428946988 39.72825622558594 28
1637428948269 39.364444732666016 29
1637428949564 39.40929412841797 30
1637428950916 38.4693603515625 31
1637428952246 39.30241775512695 32
1637428953639 38.71038055419922 33
1637428955221 38.224334716796875 34
1637428956691 38.37053680419922 35
1637428958058 37.95240783691406 36
1637428959373 37.6678581237793 37
1637428960902 37.76578903198242 38
1637428962505 37.35023498535156 39
1637428963984 37.750221252441406 40
1637428965235 36.562828063964844 41
1637428966552 36.703094482421875 42
1637428967826 36.30733871459961 43
1637428969143 36.61308288574219 44
1637428970402 36.23075866699219 45
1637428971765 35.57330322265625 46
1637428973224 36.35328674316406 47
1637428974624 36.31758499145508 48
1637428976040 35.66876220703125 49
1637428977617 35.8223876953125 50
1637428979368 35.50043487548828 51
1637428980701 35.407127380371094 52
1637428982106 35.7624397277832 53
1637428983417 35.713809967041016 54
1637428984796 35.593994140625 55
1637428986325 35.35037612915039 56
1637428987706 35.191246032714844 57
1637428988933 35.02971267700195 58
1637428990321 35.23052978515625 59
1637428991645 34.95866775512695 60
1637428992934 34.69017791748047 61
1637428994214 35.13025665283203 62
1637428995485 34.61557388305664 63
1637428996722 34.58567810058594 64
1637428997956 34.887939453125 65
1637428999189 35.117942810058594 66
1637429000438 34.94342803955078 67
1637429001684 34.41543197631836 68
1637429002952 34.74778366088867 69
1637429004195 33.84730529785156 70
1637429005432 34.55390167236328 71
1637429006841 34.62967300415039 72
1637429008062 34.02146530151367 73
1637429009447 34.287288665771484 74
1637429010691 33.5797233581543 75
1637429012087 34.04283142089844 76
1637429013352 34.37794494628906 77
1637429014685 34.378517150878906 78
1637429016079 33.895118713378906 79
1637429017403 33.81486129760742 80
1637429018639 33.652183532714844 81
1637429019879 33.327579498291016 82
1637429021152 33.27888107299805 83
1637429022418 33.199913024902344 84
1637429023673 33.768882751464844 85
1637429024915 33.56818389892578 86
1637429026541 33.32302474975586 87
1637429027880 33.73967742919922 88
1637429029168 33.58598327636719 89
1637429030487 33.479225158691406 90
1637429031740 33.0700569152832 91
1637429035175 36.562828063964844 92
