1637361043988 4986.27783203125 0
1637361046132 1168.615966796875 1
1637361047788 1102.1571044921875 2
1637361049458 1054.112060546875 3
1637361051144 1058.1690673828125 4
1637361052810 1050.0147705078125 5
1637361054470 1079.0626220703125 6
1637361056157 1044.7738037109375 7
1637361058080 1009.3947143554688 8
1637361060351 1035.8955078125 9
1637361062077 991.1021118164062 10
1637361063743 977.8961791992188 11
1637361065423 972.8030395507812 12
1637361067163 978.537841796875 13
1637361069108 952.7611694335938 14
1637361070839 946.8189697265625 15
1637361072494 959.185546875 16
1637361074107 935.014892578125 17
1637361075734 897.2348022460938 18
1637361077338 913.4530029296875 19
1637361078956 880.7348022460938 20
1637361080568 870.052734375 21
1637361082183 866.5618286132812 22
1637361083852 878.3732299804688 23
1637361085611 875.4756469726562 24
1637361087238 847.216796875 25
1637361088862 838.5046997070312 26
1637361090683 835.244873046875 27
1637361092334 821.98486328125 28
1637361093939 810.1759643554688 29
1637361095578 817.7261352539062 30
1637361097181 784.8755493164062 31
1637361098796 771.608642578125 32
1637361100444 789.7263793945312 33
1637361102087 750.8301391601562 34
1637361103700 754.2084350585938 35
1637361105340 744.2303466796875 36
1637361106967 740.3329467773438 37
1637361108574 730.8209228515625 38
1637361110184 739.4655151367188 39
1637361111823 697.8294067382812 40
1637361113438 725.06591796875 41
1637361115061 704.9474487304688 42
1637361116649 710.1832275390625 43
1637361118234 698.9736328125 44
1637361119893 686.6030883789062 45
1637361121546 705.4518432617188 46
1637361123188 667.5130615234375 47
1637361125018 662.9835815429688 48
1637361126671 665.950927734375 49
1637361128318 670.4530639648438 50
1637361130032 658.8009643554688 51
1637361131709 649.3690185546875 52
1637361133354 652.805908203125 53
1637361134998 653.501708984375 54
1637361136632 643.699951171875 55
1637361138269 645.4208374023438 56
1637361139899 652.9910888671875 57
1637361141538 642.1821899414062 58
1637361143172 607.2315673828125 59
1637361144804 628.5425415039062 60
1637361146444 634.7341918945312 61
1637361148070 594.1900024414062 62
1637361149703 627.3671264648438 63
1637361151336 604.84765625 64
1637361152963 610.1642456054688 65
1637361154607 605.7120971679688 66
1637361158413 959.185546875 67
