1637361043988 44.019325256347656 0
1637361046132 24.22353172302246 1
1637361047788 23.50223731994629 2
1637361049458 22.972192764282227 3
1637361051144 23.03154945373535 4
1637361052810 22.811330795288086 5
1637361054470 22.881383895874023 6
1637361056157 22.536012649536133 7
1637361058080 22.305194854736328 8
1637361060351 22.39058494567871 9
1637361062077 22.138933181762695 10
1637361063743 21.892744064331055 11
1637361065423 21.742431640625 12
1637361067163 21.663684844970703 13
1637361069108 21.5999755859375 14
1637361070839 21.358083724975586 15
1637361072494 21.497678756713867 16
1637361074107 21.169679641723633 17
1637361075734 20.94110870361328 18
1637361077338 21.024221420288086 19
1637361078956 20.681861877441406 20
1637361080568 20.59199333190918 21
1637361082183 20.52046775817871 22
1637361083852 20.49654769897461 23
1637361085611 20.399446487426758 24
1637361087238 20.095460891723633 25
1637361088862 20.047019958496094 26
1637361090683 20.06583595275879 27
1637361092334 19.769023895263672 28
1637361093939 19.7456111907959 29
1637361095578 19.678770065307617 30
1637361097181 19.40280532836914 31
1637361098796 19.3177490234375 32
1637361100444 19.457656860351562 33
1637361102087 19.132307052612305 34
1637361103700 19.06840705871582 35
1637361105340 18.878925323486328 36
1637361106967 18.88746452331543 37
1637361108574 18.707351684570312 38
1637361110184 18.937393188476562 39
1637361111823 18.412992477416992 40
1637361113438 18.56147003173828 41
1637361115061 18.415023803710938 42
1637361116649 18.333515167236328 43
1637361118234 18.150541305541992 44
1637361119893 18.060426712036133 45
1637361121546 18.217811584472656 46
1637361123188 17.86772918701172 47
1637361125018 17.778352737426758 48
1637361126671 17.852203369140625 49
1637361128318 17.740966796875 50
1637361130032 17.725021362304688 51
1637361131709 17.555875778198242 52
1637361133354 17.59264373779297 53
1637361134998 17.489757537841797 54
1637361136632 17.358509063720703 55
1637361138269 17.408918380737305 56
1637361139899 17.453012466430664 57
1637361141538 17.32728385925293 58
1637361143172 16.92820930480957 59
1637361144804 17.095703125 60
1637361146444 17.13738441467285 61
1637361148070 16.719009399414062 62
1637361149703 16.975069046020508 63
1637361151336 16.810091018676758 64
1637361152963 16.9500732421875 65
1637361154607 16.847631454467773 66
1637361158413 21.497678756713867 67
