1637361043988 70.61357879638672 0
1637361046132 34.18502426147461 1
1637361047788 33.198753356933594 2
1637361049458 32.46709060668945 3
1637361051144 32.529510498046875 4
1637361052810 32.4039306640625 5
1637361054470 32.84908676147461 6
1637361056157 32.322959899902344 7
1637361058080 31.770973205566406 8
1637361060351 32.18532943725586 9
1637361062077 31.481773376464844 10
1637361063743 31.271331787109375 11
1637361065423 31.189790725708008 12
1637361067163 31.28158950805664 13
1637361069108 30.86682891845703 14
1637361070839 30.770423889160156 15
1637361072494 30.970720291137695 16
1637361074107 30.578012466430664 17
1637361075734 29.95387840270996 18
1637361077338 30.223384857177734 19
1637361078956 29.677175521850586 20
1637361080568 29.49665641784668 21
1637361082183 29.437421798706055 22
1637361083852 29.637361526489258 23
1637361085611 29.588438034057617 24
1637361087238 29.10698890686035 25
1637361088862 28.956945419311523 26
1637361090683 28.900604248046875 27
1637361092334 28.670278549194336 28
1637361093939 28.463590621948242 29
1637361095578 28.595911026000977 30
1637361097181 28.0156307220459 31
1637361098796 27.77784538269043 32
1637361100444 28.102069854736328 33
1637361102087 27.40127944946289 34
1637361103700 27.46285629272461 35
1637361105340 27.28058624267578 36
1637361106967 27.209060668945312 37
1637361108574 27.03369903564453 38
1637361110184 27.193115234375 39
1637361111823 26.416460037231445 40
1637361113438 26.927047729492188 41
1637361115061 26.550846099853516 42
1637361116649 26.649263381958008 43
1637361118234 26.4381103515625 44
1637361119893 26.20311164855957 45
1637361121546 26.56034278869629 46
1637361123188 25.836273193359375 47
1637361125018 25.74846839904785 48
1637361126671 25.8060245513916 49
1637361128318 25.893108367919922 50
1637361130032 25.667118072509766 51
1637361131709 25.48271942138672 52
1637361133354 25.550065994262695 53
1637361134998 25.563678741455078 54
1637361136632 25.37124252319336 55
1637361138269 25.405134201049805 56
1637361139899 25.55368995666504 57
1637361141538 25.3413143157959 58
1637361143172 24.64206886291504 59
1637361144804 25.070751190185547 60
1637361146444 25.193931579589844 61
1637361148070 24.376012802124023 62
1637361149703 25.047298431396484 63
1637361151336 24.593650817871094 64
1637361152963 24.70150375366211 65
1637361154607 24.61121940612793 66
1637361158413 30.970720291137695 67
