1637428758034 1895.7464599609375 0
1637428759297 535.2965087890625 1
1637428760565 477.1962890625 2
1637428762020 436.4267578125 3
1637428763470 419.8358459472656 4
1637428764749 384.2361755371094 5
1637428765994 360.20208740234375 6
1637428767203 343.91607666015625 7
1637428768423 324.9132995605469 8
1637428769645 298.3735046386719 9
1637428770880 294.6412658691406 10
1637428772837 284.89300537109375 11
1637428774256 274.2896423339844 12
1637428775512 266.57763671875 13
1637428776836 250.17942810058594 14
1637428778068 256.37548828125 15
1637428779290 236.8510284423828 16
1637428780512 231.7231903076172 17
1637428781736 222.927734375 18
1637428783276 217.52386474609375 19
1637428784861 211.646484375 20
1637428786083 213.6474151611328 21
1637428787302 197.83311462402344 22
1637428788524 201.53135681152344 23
1637428789739 202.09437561035156 24
1637428790969 200.69493103027344 25
1637428792186 193.6885223388672 26
1637428793411 194.01499938964844 27
1637428794761 189.14190673828125 28
1637428796032 188.70262145996094 29
1637428797865 184.77804565429688 30
1637428799101 184.8697052001953 31
1637428800467 183.439697265625 32
1637428801741 174.06016540527344 33
1637428803054 178.0114288330078 34
1637428804347 170.6237030029297 35
1637428805624 167.396728515625 36
1637428806946 167.0947723388672 37
1637428808281 166.83058166503906 38
1637428809947 162.73573303222656 39
1637428811540 159.48281860351562 40
1637428813090 164.29257202148438 41
1637428814389 160.8477020263672 42
1637428815711 158.46221923828125 43
1637428816936 152.6405487060547 44
1637428818237 156.3747100830078 45
1637428819582 155.3603973388672 46
1637428820907 151.2943878173828 47
1637428822265 147.64414978027344 48
1637428823546 149.9759521484375 49
1637428824871 144.82550048828125 50
1637428826165 137.27679443359375 51
1637428827394 141.992919921875 52
1637428828614 138.77413940429688 53
1637428829896 134.2318115234375 54
1637428831200 139.2786865234375 55
1637428832551 138.45787048339844 56
1637428833856 134.97483825683594 57
1637428835137 131.03042602539062 58
1637428836409 133.6024627685547 59
1637428837691 130.1503143310547 60
1637428839059 129.74058532714844 61
1637428840328 127.75466918945312 62
1637428841563 125.33155059814453 63
1637428842777 123.03792572021484 64
1637428843993 120.59873962402344 65
1637428845207 122.27473449707031 66
1637428846462 117.73806762695312 67
1637428848031 117.01078033447266 68
1637428849730 118.1415023803711 69
1637428851111 114.96268463134766 70
1637428852362 114.43631744384766 71
1637428853617 112.71881866455078 72
1637428854915 112.88876342773438 73
1637428856170 113.04871368408203 74
1637428857381 111.08594512939453 75
1637428858602 109.93470001220703 76
1637428859821 106.10736846923828 77
1637428861028 104.33953857421875 78
1637428862239 103.9342041015625 79
1637428863452 102.85580444335938 80
1637428864676 102.08917236328125 81
1637428865882 104.81635284423828 82
1637428867108 101.56463623046875 83
1637428868326 101.4360122680664 84
1637428869565 99.55298614501953 85
1637428870824 97.12696075439453 86
1637428872144 94.61124420166016 87
1637428873417 94.75196838378906 88
1637428874659 95.36785125732422 89
1637428875889 93.70923614501953 90
1637428877132 93.54364013671875 91
1637428878374 92.30262756347656 92
1637428879588 88.84285736083984 93
1637428880874 91.8084716796875 94
1637428882217 88.16157531738281 95
1637428883638 87.59716796875 96
1637428884930 87.50393676757812 97
1637428886147 85.89404296875 98
1637428887365 86.19075012207031 99
1637428888583 86.24713897705078 100
1637428889803 83.28912353515625 101
1637428891039 83.35916900634766 102
1637428892277 85.22418212890625 103
1637428893487 86.35595703125 104
1637428894704 81.05274200439453 105
1637428895919 79.2966537475586 106
1637428897141 83.32188415527344 107
1637428898374 79.3507080078125 108
1637428899584 80.631103515625 109
1637428900811 80.13368225097656 110
1637428902032 80.15861511230469 111
1637428903251 80.53264617919922 112
1637428907288 127.75466918945312 113
