1637428758034 33.018287658691406 0
1637428759297 18.263484954833984 1
1637428760565 17.0321044921875 2
1637428762020 16.259540557861328 3
1637428763470 15.81418228149414 4
1637428764749 15.104292869567871 5
1637428765994 14.672775268554688 6
1637428767203 14.193155288696289 7
1637428768423 13.839387893676758 8
1637428769645 13.240690231323242 9
1637428770880 13.109264373779297 10
1637428772837 12.815815925598145 11
1637428774256 12.550711631774902 12
1637428775512 12.339725494384766 13
1637428776836 11.958222389221191 14
1637428778068 11.996207237243652 15
1637428779290 11.523477554321289 16
1637428780512 11.354693412780762 17
1637428781736 11.129117012023926 18
1637428783276 10.962437629699707 19
1637428784861 10.926018714904785 20
1637428786083 10.836057662963867 21
1637428787302 10.612439155578613 22
1637428788524 10.558082580566406 23
1637428789739 10.538166046142578 24
1637428790969 10.644428253173828 25
1637428792186 10.405871391296387 26
1637428793411 10.36539363861084 27
1637428794761 10.321236610412598 28
1637428796032 10.252974510192871 29
1637428797865 10.123931884765625 30
1637428799101 10.124215126037598 31
1637428800467 10.064611434936523 32
1637428801741 9.798961639404297 33
1637428803054 9.933789253234863 34
1637428804347 9.758913040161133 35
1637428805624 9.678329467773438 36
1637428806946 9.587565422058105 37
1637428808281 9.555191040039062 38
1637428809947 9.453704833984375 39
1637428811540 9.40236759185791 40
1637428813090 9.432628631591797 41
1637428814389 9.289029121398926 42
1637428815711 9.236863136291504 43
1637428816936 9.190430641174316 44
1637428818237 9.152366638183594 45
1637428819582 9.103199005126953 46
1637428820907 9.090373992919922 47
1637428822265 8.929433822631836 48
1637428823546 8.954121589660645 49
1637428824871 8.799299240112305 50
1637428826165 8.633697509765625 51
1637428827394 8.708681106567383 52
1637428828614 8.602062225341797 53
1637428829896 8.439736366271973 54
1637428831200 8.551669120788574 55
1637428832551 8.485102653503418 56
1637428833856 8.425979614257812 57
1637428835137 8.291616439819336 58
1637428836409 8.374722480773926 59
1637428837691 8.276432037353516 60
1637428839059 8.2107515335083 61
1637428840328 8.17905044555664 62
1637428841563 8.088830947875977 63
1637428842777 8.006665229797363 64
1637428843993 7.906252384185791 65
1637428845207 7.9354352951049805 66
1637428846462 7.8187947273254395 67
1637428848031 7.769611358642578 68
1637428849730 7.804193019866943 69
1637428851111 7.6392951011657715 70
1637428852362 7.624563217163086 71
1637428853617 7.627729892730713 72
1637428854915 7.562486171722412 73
1637428856170 7.583709716796875 74
1637428857381 7.482019424438477 75
1637428858602 7.435169219970703 76
1637428859821 7.342689514160156 77
1637428861028 7.324338436126709 78
1637428862239 7.254464626312256 79
1637428863452 7.1469292640686035 80
1637428864676 7.149694442749023 81
1637428865882 7.191896915435791 82
1637428867108 7.14874267578125 83
1637428868326 7.064351558685303 84
1637428869565 7.038575172424316 85
1637428870824 6.985063552856445 86
1637428872144 6.8353071212768555 87
1637428873417 6.841163158416748 88
1637428874659 6.840889930725098 89
1637428875889 6.775992393493652 90
1637428877132 6.741450786590576 91
1637428878374 6.703080177307129 92
1637428879588 6.65008544921875 93
1637428880874 6.684144020080566 94
1637428882217 6.5820841789245605 95
1637428883638 6.540069103240967 96
1637428884930 6.47050666809082 97
1637428886147 6.469322681427002 98
1637428887365 6.496431827545166 99
1637428888583 6.4731245040893555 100
1637428889803 6.389949798583984 101
1637428891039 6.335497856140137 102
1637428892277 6.375107765197754 103
1637428893487 6.385513782501221 104
1637428894704 6.2567009925842285 105
1637428895919 6.221917629241943 106
1637428897141 6.292948246002197 107
1637428898374 6.186758041381836 108
1637428899584 6.194741249084473 109
1637428900811 6.189472675323486 110
1637428902032 6.177884101867676 111
1637428903251 6.141563415527344 112
1637428907288 8.17905044555664 113
