1637428758034 43.54016876220703 0
1637428759297 23.136476516723633 1
1637428760565 21.844823837280273 2
1637428762020 20.89082908630371 3
1637428763470 20.489896774291992 4
1637428764749 19.601943969726562 5
1637428765994 18.97899055480957 6
1637428767203 18.54497528076172 7
1637428768423 18.025352478027344 8
1637428769645 17.27349090576172 9
1637428770880 17.165117263793945 10
1637428772837 16.878774642944336 11
1637428774256 16.561691284179688 12
1637428775512 16.327205657958984 13
1637428776836 15.817061424255371 14
1637428778068 16.011730194091797 15
1637428779290 15.389965057373047 16
1637428780512 15.222456932067871 17
1637428781736 14.930765151977539 18
1637428783276 14.748690605163574 19
1637428784861 14.548074722290039 20
1637428786083 14.616683006286621 21
1637428787302 14.065316200256348 22
1637428788524 14.196173667907715 23
1637428789739 14.21599006652832 24
1637428790969 14.1666841506958 25
1637428792186 13.91720199584961 26
1637428793411 13.928926467895508 27
1637428794761 13.752886772155762 28
1637428796032 13.736907005310059 29
1637428797865 13.593308448791504 30
1637428799101 13.5966796875 31
1637428800467 13.543991088867188 32
1637428801741 13.19318675994873 33
1637428803054 13.342092514038086 34
1637428804347 13.062300682067871 35
1637428805624 12.938188552856445 36
1637428806946 12.926514625549316 37
1637428808281 12.916291236877441 38
1637428809947 12.756792068481445 39
1637428811540 12.628650665283203 40
1637428813090 12.817666053771973 41
1637428814389 12.682574272155762 42
1637428815711 12.588177680969238 43
1637428816936 12.354778289794922 44
1637428818237 12.504987716674805 45
1637428819582 12.464365005493164 46
1637428820907 12.300178527832031 47
1637428822265 12.150891304016113 48
1637428823546 12.246466636657715 49
1637428824871 12.034346580505371 50
1637428826165 11.71651840209961 51
1637428827394 11.916078567504883 52
1637428828614 11.780243873596191 53
1637428829896 11.585844993591309 54
1637428831200 11.801639556884766 55
1637428832551 11.766812324523926 56
1637428833856 11.617867469787598 57
1637428835137 11.446852684020996 58
1637428836409 11.558652877807617 59
1637428837691 11.408344268798828 60
1637428839059 11.390372276306152 61
1637428840328 11.302861213684082 62
1637428841563 11.195157051086426 63
1637428842777 11.092246055603027 64
1637428843993 10.981745719909668 65
1637428845207 11.057790756225586 66
1637428846462 10.850717544555664 67
1637428848031 10.81715202331543 68
1637428849730 10.869291305541992 69
1637428851111 10.722064971923828 70
1637428852362 10.697491645812988 71
1637428853617 10.616911888122559 72
1637428854915 10.62491226196289 73
1637428856170 10.632436752319336 74
1637428857381 10.539731979370117 75
1637428858602 10.48497486114502 76
1637428859821 10.300843238830566 77
1637428861028 10.214673042297363 78
1637428862239 10.194812774658203 79
1637428863452 10.14178466796875 80
1637428864676 10.10391902923584 81
1637428865882 10.237985610961914 82
1637428867108 10.07792854309082 83
1637428868326 10.071544647216797 84
1637428869565 9.97762393951416 85
1637428870824 9.855300903320312 86
1637428872144 9.726831436157227 87
1637428873417 9.734062194824219 88
1637428874659 9.765646934509277 89
1637428875889 9.680353164672852 90
1637428877132 9.671795845031738 91
1637428878374 9.607425689697266 92
1637428879588 9.42564868927002 93
1637428880874 9.581673622131348 94
1637428882217 9.389439582824707 95
1637428883638 9.359335899353027 96
1637428884930 9.354353904724121 97
1637428886147 9.267904281616211 98
1637428887365 9.283897399902344 99
1637428888583 9.286933898925781 100
1637428889803 9.126287460327148 101
1637428891039 9.13012409210205 102
1637428892277 9.231694221496582 103
1637428893487 9.292790412902832 104
1637428894704 9.0029296875 105
1637428895919 8.904867172241211 106
1637428897141 9.128082275390625 107
1637428898374 8.907901763916016 108
1637428899584 8.979482650756836 109
1637428900811 8.951742172241211 110
1637428902032 8.953134536743164 111
1637428903251 8.973998069763184 112
1637428907288 11.302861213684082 113
