1637365137982 872.0582885742188 0
1637365139450 203.5361328125 1
1637365140734 195.13121032714844 2
1637365142039 184.675048828125 3
1637365143338 179.22630310058594 4
1637365144630 177.78207397460938 5
1637365145925 173.79476928710938 6
1637365147220 170.75921630859375 7
1637365148507 162.02923583984375 8
1637365149787 161.17344665527344 9
1637365151181 156.82847595214844 10
1637365152497 155.24081420898438 11
1637365153789 155.0253143310547 12
1637365155144 148.43392944335938 13
1637365156528 149.66656494140625 14
1637365157904 149.0709686279297 15
1637365159228 142.65867614746094 16
1637365160541 137.76220703125 17
1637365161924 137.48928833007812 18
1637365163353 136.91302490234375 19
1637365164683 130.35894775390625 20
1637365166041 130.59683227539062 21
1637365167356 128.67816162109375 22
1637365168667 123.5168685913086 23
1637365170279 123.42945098876953 24
1637365171852 122.90010070800781 25
1637365173145 120.30753326416016 26
1637365174487 119.00131225585938 27
1637365175780 116.16736602783203 28
1637365177081 115.99392700195312 29
1637365178413 113.78515625 30
1637365179889 114.89784240722656 31
1637365181333 110.60079956054688 32
1637365182703 108.1390609741211 33
1637365184008 107.51385498046875 34
1637365185486 107.21566009521484 35
1637365186925 102.0101318359375 36
1637365188241 101.13214111328125 37
1637365189538 96.8869857788086 38
1637365190867 99.9498519897461 39
1637365192186 100.26748657226562 40
1637365193502 99.00560760498047 41
1637365194833 96.51624298095703 42
1637365196147 94.07807159423828 43
1637365197443 93.12352752685547 44
1637365198726 91.4609603881836 45
1637365200002 88.7287826538086 46
1637365201299 88.9825668334961 47
1637365202597 91.28837585449219 48
1637365203912 89.74864959716797 49
1637365205260 88.04478454589844 50
1637365206611 84.70552825927734 51
1637365207940 86.52955627441406 52
1637365209253 84.0893325805664 53
1637365210563 85.94789123535156 54
1637365211883 81.8265609741211 55
1637365213184 82.03125762939453 56
1637365214599 81.3831558227539 57
1637365216256 78.81759643554688 58
1637365217930 79.36691284179688 59
1637365219553 78.4950942993164 60
1637365220912 77.79617309570312 61
1637365222721 75.54973602294922 62
1637365227034 155.0253143310547 63
