1637365137982 18.969158172607422 0
1637365139450 10.980463981628418 1
1637365140734 10.794445037841797 2
1637365142039 10.43688678741455 3
1637365143338 10.227112770080566 4
1637365144630 10.196122169494629 5
1637365145925 10.038018226623535 6
1637365147220 9.898923873901367 7
1637365148507 9.711112976074219 8
1637365149787 9.681861877441406 9
1637365151181 9.561189651489258 10
1637365152497 9.453412055969238 11
1637365153789 9.465071678161621 12
1637365155144 9.229288101196289 13
1637365156528 9.225997924804688 14
1637365157904 9.197149276733398 15
1637365159228 8.98161506652832 16
1637365160541 8.811232566833496 17
1637365161924 8.812954902648926 18
1637365163353 8.801785469055176 19
1637365164683 8.58794116973877 20
1637365166041 8.623435974121094 21
1637365167356 8.50374984741211 22
1637365168667 8.389899253845215 23
1637365170279 8.330117225646973 24
1637365171852 8.260671615600586 25
1637365173145 8.206870079040527 26
1637365174487 8.19205093383789 27
1637365175780 8.080193519592285 28
1637365177081 8.070161819458008 29
1637365178413 7.945047378540039 30
1637365179889 7.977415561676025 31
1637365181333 7.862086296081543 32
1637365182703 7.755668640136719 33
1637365184008 7.760288715362549 34
1637365185486 7.709307670593262 35
1637365186925 7.559849739074707 36
1637365188241 7.5012030601501465 37
1637365189538 7.405101776123047 38
1637365190867 7.469745635986328 39
1637365192186 7.469202041625977 40
1637365193502 7.367523670196533 41
1637365194833 7.351823806762695 42
1637365196147 7.231853008270264 43
1637365197443 7.152522087097168 44
1637365198726 7.146380424499512 45
1637365200002 7.016525745391846 46
1637365201299 7.007541179656982 47
1637365202597 7.079248905181885 48
1637365203912 6.983147144317627 49
1637365205260 6.950436115264893 50
1637365206611 6.862977027893066 51
1637365207940 6.882565975189209 52
1637365209253 6.825083255767822 53
1637365210563 6.832832336425781 54
1637365211883 6.684394836425781 55
1637365213184 6.668789386749268 56
1637365214599 6.705174922943115 57
1637365216256 6.560299396514893 58
1637365217930 6.563353538513184 59
1637365219553 6.526145935058594 60
1637365220912 6.481128692626953 61
1637365222721 6.405274391174316 62
1637365227034 9.465071678161621 63
