1637365137982 29.5306339263916 0
1637365139450 14.266609191894531 1
1637365140734 13.968936920166016 2
1637365142039 13.589519500732422 3
1637365143338 13.387542724609375 4
1637365144630 13.333494186401367 5
1637365145925 13.183124542236328 6
1637365147220 13.067486763000488 7
1637365148507 12.729070663452148 8
1637365149787 12.69541072845459 9
1637365151181 12.523118019104004 10
1637365152497 12.459567070007324 11
1637365153789 12.450916290283203 12
1637365155144 12.18334674835205 13
1637365156528 12.2338285446167 14
1637365157904 12.20946216583252 15
1637365159228 11.943981170654297 16
1637365160541 11.737215042114258 17
1637365161924 11.72558307647705 18
1637365163353 11.700984001159668 19
1637365164683 11.417484283447266 20
1637365166041 11.427897453308105 21
1637365167356 11.343639373779297 22
1637365168667 11.113814353942871 23
1637365170279 11.109880447387695 24
1637365171852 11.086031913757324 25
1637365173145 10.96847915649414 26
1637365174487 10.908772468566895 27
1637365175780 10.778096199035645 28
1637365177081 10.770048141479492 29
1637365178413 10.667012214660645 30
1637365179889 10.719040870666504 31
1637365181333 10.516691207885742 32
1637365182703 10.398993492126465 33
1637365184008 10.368888854980469 34
1637365185486 10.354499816894531 35
1637365186925 10.100006103515625 36
1637365188241 10.056447982788086 37
1637365189538 9.843118667602539 38
1637365190867 9.997491836547852 39
1637365192186 10.013365745544434 40
1637365193502 9.950156211853027 41
1637365194833 9.824268341064453 42
1637365196147 9.699384689331055 43
1637365197443 9.650053024291992 44
1637365198726 9.563522338867188 45
1637365200002 9.419595718383789 46
1637365201299 9.433056831359863 47
1637365202597 9.554494857788086 48
1637365203912 9.473576545715332 49
1637365205260 9.383217811584473 50
1637365206611 9.203560829162598 51
1637365207940 9.30212688446045 52
1637365209253 9.170023918151855 53
1637365210563 9.270808219909668 54
1637365211883 9.04580307006836 55
1637365213184 9.057110786437988 56
1637365214599 9.021261215209961 57
1637365216256 8.877927780151367 58
1637365217930 8.90881061553955 59
1637365219553 8.859745979309082 60
1637365220912 8.82021427154541 61
1637365222721 8.691935539245605 62
1637365227034 12.450916290283203 63
