1637365230479 5175.673828125 0
1637365232446 1399.0029296875 1
1637365233952 1253.48583984375 2
1637365235404 1230.0501708984375 3
1637365237021 1217.7552490234375 4
1637365238642 1149.349609375 5
1637365240061 1128.1673583984375 6
1637365241474 1189.3367919921875 7
1637365242930 1136.3138427734375 8
1637365244268 1123.2294921875 9
1637365245620 1129.5062255859375 10
1637365247075 1063.2841796875 11
1637365248589 1056.936279296875 12
1637365249899 1081.5555419921875 13
1637365251206 1040.6719970703125 14
1637365252603 1024.656982421875 15
1637365254372 1025.1243896484375 16
1637365255751 1006.8233032226562 17
1637365257308 961.4105224609375 18
1637365258607 958.9251708984375 19
1637365259890 954.8668823242188 20
1637365261189 915.826416015625 21
1637365262574 914.4996948242188 22
1637365263953 911.678955078125 23
1637365265373 915.653564453125 24
1637365266757 907.8065795898438 25
1637365268044 885.72802734375 26
1637365269330 909.4108276367188 27
1637365270614 841.1112060546875 28
1637365271924 865.116943359375 29
1637365273211 856.2880859375 30
1637365274531 853.9391479492188 31
1637365275925 870.1649780273438 32
1637365277391 855.2842407226562 33
1637365278956 833.491943359375 34
1637365280344 824.887451171875 35
1637365281826 830.3259887695312 36
1637365283205 837.567626953125 37
1637365284544 821.02783203125 38
1637365285836 818.9346923828125 39
1637365287110 807.0065307617188 40
1637365288413 820.518310546875 41
1637365289692 773.3268432617188 42
1637365290981 799.634765625 43
1637365292279 793.6331176757812 44
1637365293712 789.2223510742188 45
1637365294996 771.404052734375 46
1637365296304 785.9257202148438 47
1637365297581 782.59326171875 48
1637365298875 755.1141357421875 49
1637365300164 776.6585083007812 50
1637365301465 752.2888793945312 51
1637365302767 751.3418579101562 52
1637365304045 741.98583984375 53
1637365305344 724.3372192382812 54
1637365306647 714.4144897460938 55
1637365307953 706.31982421875 56
1637365309607 765.5606079101562 57
1637365311006 732.5048828125 58
1637365312302 724.5220947265625 59
1637365313586 714.1107788085938 60
1637365314870 709.0755004882812 61
1637365316175 712.0620727539062 62
1637365317458 701.4027709960938 63
1637365318951 703.1841430664062 64
1637365320325 705.2373657226562 65
1637365321649 692.3508911132812 66
1637365323211 688.2221069335938 67
1637365324512 691.637939453125 68
1637365325885 681.54150390625 69
1637365327221 675.4407958984375 70
1637365328915 673.6937866210938 71
1637365330296 663.7651977539062 72
1637365333751 914.4996948242188 73
