1637365230479 45.71379852294922 0
1637365232446 26.734298706054688 1
1637365233952 25.27625274658203 2
1637365235404 24.861894607543945 3
1637365237021 24.47160530090332 4
1637365238642 24.096797943115234 5
1637365240061 23.817811965942383 6
1637365241474 24.265369415283203 7
1637365242930 23.71226692199707 8
1637365244268 23.650625228881836 9
1637365245620 23.525175094604492 10
1637365247075 23.202590942382812 11
1637365248589 23.04131507873535 12
1637365249899 23.06922721862793 13
1637365251206 22.900711059570312 14
1637365252603 22.624040603637695 15
1637365254372 22.624378204345703 16
1637365255751 22.426668167114258 17
1637365257308 21.983369827270508 18
1637365258607 21.900354385375977 19
1637365259890 21.71247673034668 20
1637365261189 21.420631408691406 21
1637365262574 21.432676315307617 22
1637365263953 21.22514533996582 23
1637365265373 21.237913131713867 24
1637365266757 21.13893699645996 25
1637365268044 20.833919525146484 26
1637365269330 20.99893569946289 27
1637365270614 20.486722946166992 28
1637365271924 20.65082550048828 29
1637365273211 20.466747283935547 30
1637365274531 20.447250366210938 31
1637365275925 20.583942413330078 32
1637365277391 20.345314025878906 33
1637365278956 20.207698822021484 34
1637365280344 20.120615005493164 35
1637365281826 20.083587646484375 36
1637365283205 20.236888885498047 37
1637365284544 19.918254852294922 38
1637365285836 19.878721237182617 39
1637365287110 19.781150817871094 40
1637365288413 20.004056930541992 41
1637365289692 19.230289459228516 42
1637365290981 19.704286575317383 43
1637365292279 19.52568817138672 44
1637365293712 19.279132843017578 45
1637365294996 19.280183792114258 46
1637365296304 19.449871063232422 47
1637365297581 19.263351440429688 48
1637365298875 18.977996826171875 49
1637365300164 19.14080238342285 50
1637365301465 18.908193588256836 51
1637365302767 18.819772720336914 52
1637365304045 18.83524513244629 53
1637365305344 18.554811477661133 54
1637365306647 18.493730545043945 55
1637365307953 18.431556701660156 56
1637365309607 18.902822494506836 57
1637365311006 18.497623443603516 58
1637365312302 18.485031127929688 59
1637365313586 18.387760162353516 60
1637365314870 18.25152587890625 61
1637365316175 18.353281021118164 62
1637365317458 18.051166534423828 63
1637365318951 18.200672149658203 64
1637365320325 18.199466705322266 65
1637365321649 17.997865676879883 66
1637365323211 17.810436248779297 67
1637365324512 17.896574020385742 68
1637365325885 17.822202682495117 69
1637365327221 17.651060104370117 70
1637365328915 17.79041290283203 71
1637365330296 17.547874450683594 72
1637365333751 21.432676315307617 73
