1637365230479 71.94215393066406 0
1637365232446 37.40324783325195 1
1637365233952 35.40460205078125 2
1637365235404 35.07207107543945 3
1637365237021 34.8963508605957 4
1637365238642 33.90205764770508 5
1637365240061 33.58820343017578 6
1637365241474 34.48676300048828 7
1637365242930 33.70925521850586 8
1637365244268 33.514617919921875 9
1637365245620 33.60812759399414 10
1637365247075 32.60803985595703 11
1637365248589 32.510555267333984 12
1637365249899 32.88701248168945 13
1637365251206 32.25944900512695 14
1637365252603 32.0102653503418 15
1637365254372 32.01756286621094 16
1637365255751 31.730478286743164 17
1637365257308 31.006620407104492 18
1637365258607 30.966516494750977 19
1637365259890 30.900920867919922 20
1637365261189 30.262624740600586 21
1637365262574 30.24069595336914 22
1637365263953 30.194021224975586 23
1637365265373 30.259767532348633 24
1637365266757 30.12982940673828 25
1637365268044 29.76118278503418 26
1637365269330 30.15643882751465 27
1637365270614 29.001916885375977 28
1637365271924 29.412870407104492 29
1637365273211 29.262399673461914 30
1637365274531 29.22223663330078 31
1637365275925 29.498558044433594 32
1637365277391 29.245243072509766 33
1637365278956 28.87026023864746 34
1637365280344 28.720853805541992 35
1637365281826 28.815378189086914 36
1637365283205 28.94076156616211 37
1637365284544 28.653583526611328 38
1637365285836 28.617034912109375 39
1637365287110 28.407859802246094 40
1637365288413 28.644691467285156 41
1637365289692 27.808753967285156 42
1637365290981 28.277814865112305 43
1637365292279 28.17149543762207 44
1637365293712 28.093101501464844 45
1637365294996 27.77416229248047 46
1637365296304 28.034366607666016 47
1637365297581 27.974868774414062 48
1637365298875 27.479339599609375 49
1637365300164 27.868593215942383 50
1637365301465 27.427885055541992 51
1637365302767 27.410615921020508 52
1637365304045 27.239416122436523 53
1637365305344 26.91351318359375 54
1637365306647 26.728532791137695 55
1637365307953 26.576677322387695 56
1637365309607 27.668766021728516 57
1637365311006 27.06482696533203 58
1637365312302 26.916948318481445 59
1637365313586 26.722850799560547 60
1637365314870 26.62847137451172 61
1637365316175 26.684492111206055 62
1637365317458 26.4840087890625 63
1637365318951 26.517620086669922 64
1637365320325 26.556304931640625 65
1637365321649 26.31256103515625 66
1637365323211 26.23398780822754 67
1637365324512 26.299009323120117 68
1637365325885 26.10634994506836 69
1637365327221 25.98924446105957 70
1637365328915 25.955612182617188 71
1637365330296 25.763641357421875 72
1637365333751 30.24069595336914 73
