1637259956432 853.197021484375 0
1637259958484 202.89779663085938 1
1637259959838 182.6172637939453 2
1637259961134 171.9613800048828 3
1637259962425 167.03146362304688 4
1637259963714 160.4599609375 5
1637259965041 158.4539794921875 6
1637259966338 152.1486358642578 7
1637259967634 151.7531280517578 8
1637259968930 147.9923095703125 9
1637259970273 141.8455047607422 10
1637259971595 140.59901428222656 11
1637259973146 137.07492065429688 12
1637259974879 135.2294464111328 13
1637259976181 134.00241088867188 14
1637259977601 129.8328399658203 15
1637259979063 127.94245147705078 16
1637259980423 126.95701599121094 17
1637259981830 125.44384002685547 18
1637259983181 121.962646484375 19
1637259984773 121.01764678955078 20
1637259986562 120.49372863769531 21
1637259988064 115.7818374633789 22
1637259989357 115.93603515625 23
1637259990653 113.67098999023438 24
1637259992309 113.64058685302734 25
1637259993654 109.12812805175781 26
1637259995123 109.29044342041016 27
1637259996421 105.4839096069336 28
1637259997715 106.98319244384766 29
1637259999007 104.53539276123047 30
1637260000370 101.7313003540039 31
1637260001678 99.08763122558594 32
1637260002981 98.45752716064453 33
1637260004657 96.14933013916016 34
1637260006139 95.01953887939453 35
1637260007460 96.68496704101562 36
1637260008751 94.91191864013672 37
1637260010122 94.00312805175781 38
1637260011436 90.77550506591797 39
1637260012746 89.35910034179688 40
1637260014044 88.98541259765625 41
1637260015394 87.87689208984375 42
1637260016791 88.00856018066406 43
1637260018138 84.73438262939453 44
1637260019448 84.80815124511719 45
1637260020775 82.63777923583984 46
1637260022107 86.26873016357422 47
1637260023432 82.62284851074219 48
1637260024762 80.97944641113281 49
1637260026096 80.03034210205078 50
1637260027407 79.29239654541016 51
1637260028858 80.45718383789062 52
1637260030304 78.30854034423828 53
1637260031601 77.76634979248047 54
1637260032900 76.97952270507812 55
1637260034190 76.3646011352539 56
1637260035508 75.16951751708984 57
1637260036797 74.1836166381836 58
1637260038108 75.3585205078125 59
1637260039679 74.25147247314453 60
1637260041492 72.09793853759766 61
1637260042775 71.04883575439453 62
1637260044061 70.50370788574219 63
1637260045338 69.82413482666016 64
1637260046632 71.1505355834961 65
1637260047926 68.99102783203125 66
1637260049235 67.88609313964844 67
1637260050542 67.10105895996094 68
1637260051840 65.1584243774414 69
1637260053137 67.06822967529297 70
1637260054435 65.84455871582031 71
1637260055726 65.662353515625 72
1637260057121 64.64115905761719 73
1637260058404 64.71217346191406 74
1637260059702 64.28704071044922 75
1637260060994 62.644615173339844 76
1637260062529 64.6858901977539 77
1637260063812 62.25436019897461 78
1637260065105 60.64415740966797 79
1637260066391 59.99919891357422 80
1637260067681 59.924896240234375 81
1637260068980 60.57060241699219 82
1637260070343 58.1085319519043 83
1637260071979 58.39015197753906 84
1637260073736 58.20900344848633 85
1637260075194 57.42708206176758 86
1637260076529 56.47965621948242 87
1637260077855 56.900672912597656 88
1637260079185 55.901668548583984 89
1637260080510 55.1739387512207 90
1637260081835 53.8857421875 91
1637260083141 54.22138214111328 92
1637260084440 53.706626892089844 93
1637260085839 52.88715744018555 94
1637260087129 52.17820358276367 95
1637260088437 52.746604919433594 96
1637260089961 51.87651824951172 97
1637260091330 50.419891357421875 98
1637260092610 49.67134475708008 99
1637260093901 50.2565803527832 100
1637260095193 49.592308044433594 101
1637260099485 79.29239654541016 102
