1637259956432 19.13243865966797 0
1637259958484 10.940507888793945 1
1637259959838 10.337130546569824 2
1637259961134 10.048566818237305 3
1637259962425 9.876551628112793 4
1637259963714 9.663057327270508 5
1637259965041 9.635964393615723 6
1637259966338 9.426581382751465 7
1637259967634 9.372946739196777 8
1637259968930 9.221800804138184 9
1637259970273 9.059534072875977 10
1637259971595 8.955195426940918 11
1637259973146 8.84383487701416 12
1637259974879 8.798617362976074 13
1637259976181 8.789212226867676 14
1637259977601 8.605389595031738 15
1637259979063 8.540982246398926 16
1637259980423 8.47177505493164 17
1637259981830 8.395208358764648 18
1637259983181 8.355904579162598 19
1637259984773 8.260770797729492 20
1637259986562 8.218107223510742 21
1637259988064 8.104315757751465 22
1637259989357 8.077377319335938 23
1637259990653 8.002548217773438 24
1637259992309 7.9839372634887695 25
1637259993654 7.847358703613281 26
1637259995123 7.838071823120117 27
1637259996421 7.6900129318237305 28
1637259997715 7.701480865478516 29
1637259999007 7.623530387878418 30
1637260000370 7.561861038208008 31
1637260001678 7.457913398742676 32
1637260002981 7.362846374511719 33
1637260004657 7.308846950531006 34
1637260006139 7.2735490798950195 35
1637260007460 7.349795341491699 36
1637260008751 7.223386287689209 37
1637260010122 7.23505163192749 38
1637260011436 7.10113525390625 39
1637260012746 7.039610862731934 40
1637260014044 7.03390645980835 41
1637260015394 6.990509986877441 42
1637260016791 6.985457897186279 43
1637260018138 6.848487854003906 44
1637260019448 6.848272800445557 45
1637260020775 6.7706170082092285 46
1637260022107 6.872010707855225 47
1637260023432 6.776639461517334 48
1637260024762 6.719996452331543 49
1637260026096 6.626082897186279 50
1637260027407 6.606071949005127 51
1637260028858 6.607838153839111 52
1637260030304 6.574524402618408 53
1637260031601 6.494719982147217 54
1637260032900 6.502983570098877 55
1637260034190 6.429770469665527 56
1637260035508 6.408061981201172 57
1637260036797 6.377723693847656 58
1637260038108 6.396416187286377 59
1637260039679 6.340709209442139 60
1637260041492 6.258106708526611 61
1637260042775 6.206464767456055 62
1637260044061 6.191183567047119 63
1637260045338 6.1602935791015625 64
1637260046632 6.182753562927246 65
1637260047926 6.072288513183594 66
1637260049235 6.041194438934326 67
1637260050542 6.036901950836182 68
1637260051840 5.9496169090271 69
1637260053137 6.002625465393066 70
1637260054435 5.92301607131958 71
1637260055726 5.9142022132873535 72
1637260057121 5.867010593414307 73
1637260058404 5.888526916503906 74
1637260059702 5.852682113647461 75
1637260060994 5.776473045349121 76
1637260062529 5.8497161865234375 77
1637260063812 5.704938888549805 78
1637260065105 5.699722766876221 79
1637260066391 5.632397174835205 80
1637260067681 5.649038791656494 81
1637260068980 5.614989280700684 82
1637260070343 5.530203819274902 83
1637260071979 5.530110836029053 84
1637260073736 5.529173374176025 85
1637260075194 5.4796462059021 86
1637260076529 5.45377779006958 87
1637260077855 5.439981937408447 88
1637260079185 5.373196125030518 89
1637260080510 5.369021892547607 90
1637260081835 5.34567403793335 91
1637260083141 5.289689064025879 92
1637260084440 5.276937007904053 93
1637260085839 5.231018543243408 94
1637260087129 5.189743518829346 95
1637260088437 5.207777500152588 96
1637260089961 5.164508819580078 97
1637260091330 5.0961503982543945 98
1637260092610 5.063069820404053 99
1637260093901 5.051217555999756 100
1637260095193 5.068134307861328 101
1637260099485 6.606071949005127 102
