1637259956432 29.209535598754883 0
1637259958484 14.244219779968262 1
1637259959838 13.513595581054688 2
1637259961134 13.113404273986816 3
1637259962425 12.924065589904785 4
1637259963714 12.667279243469238 5
1637259965041 12.587850570678711 6
1637259966338 12.334854125976562 7
1637259967634 12.318812370300293 8
1637259968930 12.16520881652832 9
1637259970273 11.909891128540039 10
1637259971595 11.85744571685791 11
1637259973146 11.707900047302246 12
1637259974879 11.628819465637207 13
1637259976181 11.57594108581543 14
1637259977601 11.394421577453613 15
1637259979063 11.311164855957031 16
1637259980423 11.2675199508667 17
1637259981830 11.20017147064209 18
1637259983181 11.043669700622559 19
1637259984773 11.000802040100098 20
1637259986562 10.976963996887207 21
1637259988064 10.760196685791016 22
1637259989357 10.767359733581543 23
1637259990653 10.661660194396973 24
1637259992309 10.660233497619629 25
1637259993654 10.446440696716309 26
1637259995123 10.454207420349121 27
1637259996421 10.270536422729492 28
1637259997715 10.343268394470215 29
1637259999007 10.224255561828613 30
1637260000370 10.086193084716797 31
1637260001678 9.954277038574219 32
1637260002981 9.922576904296875 33
1637260004657 9.80557632446289 34
1637260006139 9.747797012329102 35
1637260007460 9.83285140991211 36
1637260008751 9.74227523803711 37
1637260010122 9.695521354675293 38
1637260011436 9.527618408203125 39
1637260012746 9.452994346618652 40
1637260014044 9.433207511901855 41
1637260015394 9.374267578125 42
1637260016791 9.381287574768066 43
1637260018138 9.205127716064453 44
1637260019448 9.209134101867676 45
1637260020775 9.090532302856445 46
1637260022107 9.28809642791748 47
1637260023432 9.08971118927002 48
1637260024762 8.998858451843262 49
1637260026096 8.945967674255371 50
1637260027407 8.904627799987793 51
1637260028858 8.969793319702148 52
1637260030304 8.849211692810059 53
1637260031601 8.818523406982422 54
1637260032900 8.773797035217285 55
1637260034190 8.738683700561523 56
1637260035508 8.670035362243652 57
1637260036797 8.612991333007812 58
1637260038108 8.680928230285645 59
1637260039679 8.616929054260254 60
1637260041492 8.491050720214844 61
1637260042775 8.429047584533691 62
1637260044061 8.396648406982422 63
1637260045338 8.356083869934082 64
1637260046632 8.435077667236328 65
1637260047926 8.306083679199219 66
1637260049235 8.239301681518555 67
1637260050542 8.191523551940918 68
1637260051840 8.072076797485352 69
1637260053137 8.189519882202148 70
1637260054435 8.114465713500977 71
1637260055726 8.103231430053711 72
1637260057121 8.039972305297852 73
1637260058404 8.044387817382812 74
1637260059702 8.017919540405273 75
1637260060994 7.914834976196289 76
1637260062529 8.042754173278809 77
1637260063812 7.890143394470215 78
1637260065105 7.787436008453369 79
1637260066391 7.745914936065674 80
1637260067681 7.741117477416992 81
1637260068980 7.782711982727051 82
1637260070343 7.622895240783691 83
1637260071979 7.641345024108887 84
1637260073736 7.629482746124268 85
1637260075194 7.578065872192383 86
1637260076529 7.515295028686523 87
1637260077855 7.543253421783447 88
1637260079185 7.476741790771484 89
1637260080510 7.427916049957275 90
1637260081835 7.340691089630127 91
1637260083141 7.363516807556152 92
1637260084440 7.3284807205200195 93
1637260085839 7.272355556488037 94
1637260087129 7.223448276519775 95
1637260088437 7.262685775756836 96
1637260089961 7.202535629272461 97
1637260091330 7.100696563720703 98
1637260092610 7.047790050506592 99
1637260093901 7.0891876220703125 100
1637260095193 7.04218053817749 101
1637260099485 8.904627799987793 102
