1637363844882 5009.34521484375 0
1637363846521 1297.8450927734375 1
1637363847921 1202.01123046875 2
1637363849470 1207.7515869140625 3
1637363850823 1159.0145263671875 4
1637363852180 1170.88330078125 5
1637363853517 1161.1380615234375 6
1637363854913 1130.107421875 7
1637363856208 1096.3572998046875 8
1637363857669 1127.4749755859375 9
1637363859108 1102.0699462890625 10
1637363860443 1090.4835205078125 11
1637363862130 1071.403564453125 12
1637363864170 1048.2052001953125 13
1637363865796 1072.9783935546875 14
1637363867180 1055.31982421875 15
1637363868678 1028.645263671875 16
1637363870214 1014.7509155273438 17
1637363871778 1031.0455322265625 18
1637363873133 981.4940795898438 19
1637363874531 1007.6312866210938 20
1637363876211 982.6027221679688 21
1637363877602 977.6141967773438 22
1637363878962 943.279052734375 23
1637363880258 944.039794921875 24
1637363881554 932.1044311523438 25
1637363882976 919.0071411132812 26
1637363884366 914.1817626953125 27
1637363885683 902.7492065429688 28
1637363887262 919.3392944335938 29
1637363888893 884.6857299804688 30
1637363890477 876.2296752929688 31
1637363892043 890.5955810546875 32
1637363893353 874.2764892578125 33
1637363894803 835.7752685546875 34
1637363896286 833.6257934570312 35
1637363897590 830.3633422851562 36
1637363898878 836.0944213867188 37
1637363900181 821.9435424804688 38
1637363901509 805.1761474609375 39
1637363902991 820.530029296875 40
1637363904590 807.338134765625 41
1637363905909 815.3909912109375 42
1637363907713 823.883056640625 43
1637363909657 796.3838500976562 44
1637363911019 803.989013671875 45
1637363912374 798.43701171875 46
1637363913725 779.0977783203125 47
1637363915031 789.7949829101562 48
1637363916370 766.3018188476562 49
1637363917693 778.300537109375 50
1637363919231 760.8605346679688 51
1637363920889 753.364501953125 52
1637363922281 743.83154296875 53
1637363923598 759.3565063476562 54
1637363924982 744.8706665039062 55
1637363926274 740.739501953125 56
1637363927614 766.2412109375 57
1637363928935 757.755859375 58
1637363930305 741.4346923828125 59
1637363931636 726.7532348632812 60
1637363933014 717.8051147460938 61
1637363934328 730.0350952148438 62
1637363935636 754.0802612304688 63
1637363936938 725.7639770507812 64
1637363938515 722.4828491210938 65
1637363939943 711.2574462890625 66
1637363941313 711.4822387695312 67
1637363944719 1014.7509155273438 68
