1637363844882 44.494319915771484 0
1637363846521 25.68161964416504 1
1637363847921 24.4633731842041 2
1637363849470 24.482336044311523 3
1637363850823 24.09464454650879 4
1637363852180 24.063135147094727 5
1637363853517 23.807701110839844 6
1637363854913 23.505674362182617 7
1637363856208 23.403074264526367 8
1637363857669 23.409879684448242 9
1637363859108 23.122129440307617 10
1637363860443 23.129154205322266 11
1637363862130 22.86927604675293 12
1637363864170 22.647497177124023 13
1637363865796 22.79340171813965 14
1637363867180 22.60738754272461 15
1637363868678 22.284685134887695 16
1637363870214 22.14468002319336 17
1637363871778 22.237903594970703 18
1637363873133 21.866994857788086 19
1637363874531 21.91731834411621 20
1637363876211 21.769140243530273 21
1637363877602 21.572885513305664 22
1637363878962 21.28245735168457 23
1637363880258 21.26771354675293 24
1637363881554 21.230304718017578 25
1637363882976 20.98119354248047 26
1637363884366 20.948179244995117 27
1637363885683 20.90728759765625 28
1637363887262 21.069162368774414 29
1637363888893 20.65896987915039 30
1637363890477 20.598276138305664 31
1637363892043 20.616756439208984 32
1637363893353 20.368566513061523 33
1637363894803 20.22208595275879 34
1637363896286 20.172779083251953 35
1637363897590 20.024646759033203 36
1637363898878 20.09748077392578 37
1637363900181 19.84575653076172 38
1637363901509 19.6839599609375 39
1637363902991 19.751142501831055 40
1637363904590 19.68939971923828 41
1637363905909 19.686124801635742 42
1637363907713 19.816314697265625 43
1637363909657 19.516590118408203 44
1637363911019 19.5992431640625 45
1637363912374 19.57410430908203 46
1637363913725 19.28803062438965 47
1637363915031 19.36907958984375 48
1637363916370 19.13461685180664 49
1637363917693 19.267663955688477 50
1637363919231 18.953371047973633 51
1637363920889 18.91217041015625 52
1637363922281 18.64285659790039 53
1637363923598 18.829626083374023 54
1637363924982 18.75322151184082 55
1637363926274 18.757047653198242 56
1637363927614 18.845882415771484 57
1637363928935 18.771984100341797 58
1637363930305 18.63728141784668 59
1637363931636 18.48642349243164 60
1637363933014 18.371627807617188 61
1637363934328 18.47442054748535 62
1637363935636 18.592435836791992 63
1637363936938 18.41200828552246 64
1637363938515 18.287643432617188 65
1637363939943 18.257183074951172 66
1637363941313 18.164047241210938 67
1637363944719 22.14468002319336 68
