1637363844882 70.77672576904297 0
1637363846521 36.02561569213867 1
1637363847921 34.6700325012207 2
1637363849470 34.75271987915039 3
1637363850823 34.04430389404297 4
1637363852180 34.21817398071289 5
1637363853517 34.075477600097656 6
1637363854913 33.617069244384766 7
1637363856208 33.11128616333008 8
1637363857669 33.5778923034668 9
1637363859108 33.19743728637695 10
1637363860443 33.02246856689453 11
1637363862130 32.7322998046875 12
1637363864170 32.37599563598633 13
1637363865796 32.75634765625 14
1637363867180 32.485687255859375 15
1637363868678 32.0724983215332 16
1637363870214 31.85515594482422 17
1637363871778 32.10989761352539 18
1637363873133 31.328805923461914 19
1637363874531 31.743207931518555 20
1637363876211 31.346494674682617 21
1637363877602 31.266822814941406 22
1637363878962 30.712848663330078 23
1637363880258 30.725231170654297 24
1637363881554 30.530385971069336 25
1637363882976 30.31513023376465 26
1637363884366 30.23543930053711 27
1637363885683 30.045785903930664 28
1637363887262 30.320608139038086 29
1637363888893 29.743667602539062 30
1637363890477 29.601177215576172 31
1637363892043 29.84284782409668 32
1637363893353 29.568166732788086 33
1637363894803 28.909778594970703 34
1637363896286 28.872577667236328 35
1637363897590 28.81602668762207 36
1637363898878 28.91529655456543 37
1637363900181 28.669557571411133 38
1637363901509 28.375625610351562 39
1637363902991 28.644895553588867 40
1637363904590 28.4136962890625 41
1637363905909 28.555051803588867 42
1637363907713 28.7033634185791 43
1637363909657 28.220273971557617 44
1637363911019 28.354700088500977 45
1637363912374 28.256628036499023 46
1637363913725 27.912322998046875 47
1637363915031 28.103290557861328 48
1637363916370 27.682157516479492 49
1637363917693 27.898038864135742 50
1637363919231 27.58370018005371 51
1637363920889 27.447486877441406 52
1637363922281 27.27327537536621 53
1637363923598 27.55642318725586 54
1637363924982 27.29231834411621 55
1637363926274 27.216529846191406 56
1637363927614 27.681062698364258 57
1637363928935 27.52736473083496 58
1637363930305 27.229297637939453 59
1637363931636 26.95836067199707 60
1637363933014 26.791885375976562 61
1637363934328 27.019161224365234 62
1637363935636 27.460521697998047 63
1637363936938 26.940006256103516 64
1637363938515 26.87904167175293 65
1637363939943 26.669410705566406 66
1637363941313 26.67362403869629 67
1637363944719 31.85515594482422 68
